%Time[s]	CH0[°C]	CH1[°C]	CH2[°C]	CH3[°C]	CH4[°C]	CH5[°C]	CH6[°C]	CH7[°C]	CH8[°C]
0.0	16.8	16.5	16.5	16.4	16.4	16.5	16.4	16.6	16.5
10.0	16.8	16.5	16.5	16.4	16.4	16.5	16.4	16.6	16.5
20.0	16.9	16.5	16.5	16.4	16.4	16.5	16.4	16.6	16.5
30.0	16.9	16.5	16.5	16.4	16.4	16.5	16.4	16.6	16.5
40.0	16.9	16.5	16.5	16.4	16.4	16.5	16.4	16.6	16.5
50.0	16.9	16.5	16.5	16.4	16.4	16.5	16.4	16.6	16.5
60.0	16.9	16.6	16.5	16.5	16.4	16.6	16.4	16.6	16.5
70.0	16.9	16.6	16.5	16.5	16.4	16.6	16.4	16.6	16.5
80.0	16.9	16.6	16.5	16.4	16.4	16.6	16.4	16.6	16.5
90.0	16.9	16.6	16.5	16.5	16.4	16.6	16.4	16.6	16.5
100.0	16.9	16.6	16.5	16.5	16.4	16.6	16.4	16.6	16.5
110.0	16.9	16.6	16.5	16.5	16.4	16.6	16.4	16.6	16.5
120.0	16.9	16.6	16.5	16.5	16.4	16.6	16.4	16.6	16.5
130.0	16.9	16.6	16.5	16.5	16.5	16.6	16.4	16.6	16.5
140.0	16.9	16.6	16.5	16.5	16.4	16.6	16.4	16.6	16.5
150.0	16.9	16.6	16.5	16.5	16.4	16.6	16.4	16.6	16.5
160.0	16.9	16.6	16.5	16.5	16.5	16.6	16.4	16.6	16.5
170.0	16.9	16.6	16.5	16.5	16.5	16.6	16.4	16.6	16.5
180.0	16.9	16.6	16.5	16.5	16.4	16.6	16.4	16.6	16.5
190.0	16.9	16.6	16.5	16.5	16.4	16.6	16.4	16.6	16.5
200.0	16.9	16.6	16.5	16.5	16.4	16.6	16.4	16.6	16.5
210.0	16.8	16.6	16.5	16.5	16.4	16.6	16.4	16.6	16.5
220.0	16.9	16.6	16.5	16.5	16.4	16.6	16.4	16.6	16.5
230.0	16.8	16.6	16.5	16.5	16.4	16.6	16.4	16.6	16.5
240.0	16.8	16.6	16.5	16.4	16.4	16.6	16.4	16.6	16.5
250.0	16.8	16.6	16.5	16.5	16.4	16.6	16.4	16.6	16.5
260.0	16.8	16.6	16.5	16.5	16.4	16.6	16.4	16.6	16.5
270.0	16.9	16.6	16.5	16.5	16.4	16.6	16.4	16.6	16.5
280.0	16.9	16.6	16.5	16.5	16.4	16.6	16.4	16.6	16.5
290.0	16.8	16.6	16.5	16.5	16.4	16.6	16.4	16.6	16.5
300.0	16.8	16.6	16.5	16.5	16.5	16.6	16.4	16.7	16.5
310.0	16.9	16.6	16.5	16.5	16.5	16.6	16.5	16.7	16.6
320.0	16.9	16.6	16.5	16.5	16.5	16.6	16.5	16.7	16.7
330.0	16.9	16.6	16.6	16.5	16.5	16.7	16.6	16.8	16.9
340.0	16.9	16.6	16.6	16.6	16.6	16.7	16.8	17.0	17.1
350.0	16.9	16.6	16.6	16.7	16.7	16.8	16.9	17.1	17.3
360.0	16.9	16.7	16.7	16.7	16.8	16.9	17.1	17.3	17.6
370.0	16.9	16.7	16.8	16.8	16.9	17.1	17.3	17.5	17.8
380.0	16.9	16.8	16.8	16.9	17.1	17.2	17.5	17.7	18.1
390.0	17.0	16.8	16.9	17.1	17.2	17.4	17.7	17.9	18.3
400.0	17.0	16.9	17.0	17.2	17.3	17.5	17.9	18.1	18.6
410.0	16.9	16.9	17.1	17.3	17.5	17.7	18.1	18.3	18.9
420.0	16.9	17.0	17.2	17.4	17.7	17.9	18.3	18.6	19.1
430.0	16.9	17.1	17.3	17.6	17.8	18.1	18.6	18.8	19.4
440.0	17.0	17.1	17.4	17.7	18.0	18.2	18.8	19.0	19.6
450.0	17.0	17.2	17.5	17.8	18.1	18.4	19.0	19.2	19.9
460.0	17.0	17.3	17.6	18.0	18.3	18.6	19.2	19.4	20.1
470.0	17.0	17.4	17.7	18.1	18.4	18.7	19.4	19.6	20.4
480.0	17.0	17.5	17.8	18.2	18.6	18.9	19.6	19.8	20.6
490.0	17.0	17.5	17.9	18.3	18.7	19.1	19.8	20.0	20.8
500.0	17.1	17.6	18.0	18.5	18.9	19.2	19.9	20.2	21.0
510.0	17.1	17.7	18.1	18.6	19.0	19.4	20.1	20.4	21.2
520.0	17.1	17.8	18.2	18.7	19.1	19.5	20.3	20.6	21.4
530.0	17.1	17.8	18.3	18.8	19.3	19.7	20.5	20.8	21.6
540.0	17.1	17.9	18.4	18.9	19.4	19.8	20.6	20.9	21.8
550.0	17.1	18.0	18.5	19.0	19.5	19.9	20.8	21.1	22.0
560.0	17.1	18.0	18.5	19.1	19.6	20.1	20.9	21.2	22.2
570.0	17.2	18.1	18.6	19.2	19.8	20.2	21.1	21.4	22.3
580.0	17.2	18.2	18.7	19.3	19.9	20.3	21.2	21.5	22.5
590.0	17.2	18.2	18.8	19.4	20.0	20.4	21.3	21.7	22.6
600.0	17.2	18.3	18.8	19.5	20.1	20.6	21.5	21.8	22.8
610.0	17.2	18.3	18.9	19.6	20.2	20.7	21.6	22.0	22.9
620.0	17.2	18.4	19.0	19.6	20.3	20.8	21.7	22.1	23.1
630.0	17.2	18.4	19.0	19.7	20.4	20.9	21.8	22.2	23.2
640.0	17.2	18.5	19.1	19.8	20.4	21.0	21.9	22.3	23.3
650.0	17.2	18.5	19.1	19.9	20.5	21.1	22.0	22.4	23.5
660.0	17.2	18.5	19.2	19.9	20.6	21.2	22.1	22.5	23.6
670.0	17.1	18.6	19.3	20.0	20.7	21.2	22.2	22.6	23.7
680.0	17.1	18.6	19.3	20.0	20.7	21.3	22.3	22.7	23.8
690.0	17.2	18.7	19.4	20.1	20.8	21.4	22.4	22.8	23.9
700.0	17.2	18.7	19.4	20.2	20.9	21.5	22.5	22.9	24.0
710.0	17.2	18.8	19.5	20.2	21.0	21.6	22.6	23.0	24.1
720.0	17.2	18.8	19.5	20.3	21.0	21.6	22.7	23.1	24.2
730.0	17.3	18.8	19.6	20.3	21.1	21.7	22.7	23.2	24.3
740.0	17.3	18.9	19.6	20.4	21.1	21.8	22.8	23.3	24.4
750.0	17.4	18.9	19.6	20.4	21.2	21.9	22.9	23.4	24.5
760.0	17.3	18.9	19.7	20.5	21.3	21.9	22.9	23.4	24.5
770.0	17.3	19.0	19.7	20.5	21.3	22.0	23.0	23.5	24.6
780.0	17.3	19.0	19.8	20.6	21.4	22.0	23.1	23.6	24.7
790.0	17.3	19.0	19.8	20.6	21.4	22.1	23.1	23.6	24.8
800.0	17.3	19.1	19.8	20.7	21.5	22.2	23.2	23.7	24.8
810.0	17.3	19.1	19.9	20.7	21.5	22.2	23.3	23.8	24.9
820.0	17.3	19.1	19.9	20.7	21.6	22.3	23.3	23.9	25.0
830.0	17.3	19.1	19.9	20.8	21.6	22.3	23.4	23.9	25.0
840.0	17.3	19.2	19.9	20.8	21.6	22.3	23.4	24.0	25.1
850.0	17.3	19.2	20.0	20.8	21.7	22.4	23.5	24.0	25.1
860.0	17.3	19.2	20.0	20.9	21.7	22.4	23.5	24.1	25.2
870.0	17.3	19.2	20.0	20.9	21.8	22.5	23.6	24.1	25.3
880.0	17.3	19.2	20.1	20.9	21.8	22.5	23.6	24.2	25.3
890.0	17.3	19.2	20.1	20.9	21.8	22.5	23.6	24.2	25.4
900.0	17.3	19.3	20.1	21.0	21.8	22.6	23.7	24.3	25.4
910.0	17.3	19.3	20.1	21.0	21.9	22.6	23.7	24.3	25.4
920.0	17.3	19.3	20.2	21.0	21.9	22.7	23.8	24.3	25.5
930.0	17.3	19.3	20.2	21.1	21.9	22.7	23.8	24.4	25.5
940.0	17.3	19.4	20.2	21.1	22.0	22.7	23.8	24.4	25.6
950.0	17.3	19.4	20.2	21.1	22.0	22.8	23.9	24.5	25.6
960.0	17.4	19.4	20.2	21.1	22.0	22.8	23.9	24.5	25.7
970.0	17.4	19.4	20.3	21.1	22.0	22.8	23.9	24.5	25.7
980.0	17.4	19.4	20.3	21.2	22.1	22.9	24.0	24.6	25.7
990.0	17.4	19.4	20.3	21.2	22.1	22.9	24.0	24.6	25.8
1000.0	17.4	19.5	20.3	21.2	22.1	22.9	24.0	24.6	25.8
1010.0	17.4	19.5	20.3	21.2	22.1	22.9	24.0	24.7	25.8
1020.0	17.4	19.5	20.3	21.3	22.2	23.0	24.1	24.7	25.9
1030.0	17.4	19.5	20.4	21.3	22.2	23.0	24.1	24.7	25.9
1040.0	17.4	19.5	20.4	21.3	22.2	23.0	24.1	24.8	25.9
1050.0	17.4	19.5	20.4	21.3	22.2	23.0	24.1	24.8	26.0
1060.0	17.3	19.5	20.4	21.3	22.2	23.1	24.2	24.8	26.0
1070.0	17.3	19.5	20.4	21.3	22.2	23.1	24.2	24.8	26.0
1080.0	17.3	19.6	20.4	21.3	22.3	23.1	24.2	24.9	26.1
1090.0	17.3	19.5	20.4	21.3	22.3	23.1	24.2	24.9	26.1
1100.0	17.3	19.6	20.4	21.4	22.3	23.1	24.2	24.9	26.1
1110.0	17.3	19.6	20.4	21.4	22.3	23.1	24.3	24.9	26.1
1120.0	17.4	19.6	20.5	21.4	22.3	23.2	24.3	25.0	26.1
1130.0	17.4	19.6	20.5	21.4	22.3	23.2	24.3	25.0	26.2
1140.0	17.3	19.6	20.5	21.4	22.3	23.2	24.3	25.0	26.2
1150.0	17.3	19.6	20.5	21.4	22.4	23.2	24.3	25.0	26.2
1160.0	17.3	19.6	20.5	21.4	22.4	23.2	24.3	25.0	26.2
1170.0	17.3	19.6	20.5	21.5	22.4	23.2	24.4	25.0	26.2
1180.0	17.4	19.6	20.5	21.5	22.4	23.3	24.4	25.1	26.3
1190.0	17.4	19.7	20.5	21.5	22.4	23.3	24.4	25.1	26.3
1200.0	17.4	19.7	20.5	21.5	22.4	23.3	24.4	25.1	26.3
1210.0	17.4	19.7	20.6	21.5	22.4	23.3	24.4	25.1	26.3
1220.0	17.4	19.7	20.6	21.5	22.5	23.3	24.4	25.2	26.3
1230.0	17.4	19.7	20.6	21.5	22.5	23.3	24.5	25.2	26.4
1240.0	17.4	19.7	20.6	21.5	22.5	23.3	24.5	25.2	26.4
1250.0	17.4	19.7	20.6	21.6	22.5	23.4	24.5	25.2	26.4
1260.0	17.4	19.7	20.6	21.6	22.5	23.4	24.5	25.2	26.4
1270.0	17.4	19.7	20.6	21.6	22.5	23.4	24.5	25.2	26.4
1280.0	17.4	19.7	20.6	21.6	22.5	23.4	24.5	25.2	26.4
1290.0	17.4	19.7	20.6	21.6	22.5	23.4	24.5	25.2	26.5
1300.0	17.4	19.7	20.6	21.6	22.5	23.4	24.5	25.3	26.5
1310.0	17.5	19.7	20.6	21.6	22.5	23.4	24.6	25.3	26.5
1320.0	17.4	19.7	20.6	21.6	22.5	23.4	24.5	25.3	26.5
1330.0	17.4	19.7	20.6	21.6	22.5	23.4	24.6	25.3	26.5
1340.0	17.4	19.7	20.6	21.6	22.6	23.4	24.6	25.3	26.5
1350.0	17.4	19.7	20.6	21.6	22.6	23.4	24.6	25.3	26.5
1360.0	17.5	19.7	20.7	21.6	22.6	23.5	24.6	25.3	26.5
1370.0	17.5	19.7	20.7	21.6	22.6	23.5	24.6	25.3	26.5
1380.0	17.5	19.8	20.7	21.6	22.6	23.5	24.6	25.3	26.6
1390.0	17.5	19.8	20.7	21.6	22.6	23.5	24.6	25.3	26.6
1400.0	17.5	19.8	20.7	21.6	22.6	23.5	24.6	25.4	26.6
1410.0	17.4	19.8	20.7	21.6	22.6	23.5	24.6	25.4	26.6
1420.0	17.4	19.8	20.7	21.6	22.6	23.5	24.6	25.4	26.6
1430.0	17.4	19.8	20.7	21.7	22.6	23.5	24.6	25.4	26.6
1440.0	17.4	19.8	20.7	21.7	22.6	23.5	24.6	25.4	26.6
1450.0	17.4	19.8	20.7	21.7	22.6	23.5	24.7	25.4	26.6
1460.0	17.4	19.8	20.7	21.7	22.6	23.5	24.7	25.4	26.6
1470.0	17.4	19.8	20.7	21.7	22.6	23.5	24.7	25.4	26.6
1480.0	17.4	19.8	20.7	21.7	22.6	23.6	24.7	25.4	26.6
1490.0	17.4	19.8	20.7	21.7	22.6	23.6	24.7	25.4	26.6
1500.0	17.4	19.8	20.7	21.7	22.7	23.6	24.7	25.4	26.7
1510.0	17.4	19.8	20.7	21.7	22.6	23.5	24.7	25.4	26.6
1520.0	17.4	19.8	20.7	21.7	22.7	23.6	24.7	25.5	26.7
1530.0	17.4	19.8	20.7	21.7	22.6	23.6	24.7	25.5	26.7
1540.0	17.4	19.8	20.7	21.7	22.7	23.6	24.7	25.5	26.7
1550.0	17.4	19.8	20.7	21.7	22.7	23.6	24.7	25.5	26.7
1560.0	17.4	19.8	20.7	21.7	22.7	23.6	24.7	25.5	26.7
1570.0	17.4	19.8	20.7	21.7	22.7	23.6	24.7	25.5	26.7
1580.0	17.4	19.8	20.7	21.7	22.7	23.6	24.7	25.5	26.7
1590.0	17.4	19.8	20.7	21.7	22.7	23.6	24.7	25.5	26.7
1600.0	17.4	19.8	20.7	21.7	22.7	23.6	24.7	25.5	26.7
1610.0	17.4	19.8	20.7	21.7	22.7	23.6	24.7	25.5	26.7
1620.0	17.4	19.8	20.7	21.7	22.7	23.6	24.7	25.5	26.7
1630.0	17.5	19.8	20.7	21.7	22.7	23.6	24.7	25.5	26.7
1640.0	17.5	19.8	20.7	21.7	22.7	23.6	24.7	25.5	26.7
1650.0	17.5	19.8	20.7	21.7	22.7	23.6	24.7	25.5	26.7
1660.0	17.4	19.8	20.7	21.7	22.7	23.6	24.7	25.5	26.7
1670.0	17.4	19.8	20.7	21.7	22.7	23.6	24.7	25.5	26.8
1680.0	17.4	19.8	20.7	21.7	22.7	23.6	24.8	25.5	26.8
1690.0	17.4	19.8	20.7	21.7	22.7	23.6	24.7	25.5	26.8
1700.0	17.4	19.8	20.7	21.7	22.7	23.6	24.8	25.5	26.8
1710.0	17.4	19.8	20.7	21.7	22.7	23.6	24.8	25.5	26.8
1720.0	17.4	19.8	20.8	21.7	22.7	23.6	24.8	25.5	26.8
1730.0	17.4	19.8	20.8	21.7	22.7	23.6	24.8	25.6	26.8
1740.0	17.4	19.8	20.7	21.7	22.7	23.6	24.7	25.5	26.8
1750.0	17.4	19.8	20.7	21.7	22.7	23.6	24.8	25.6	26.8
1760.0	17.4	19.8	20.7	21.7	22.7	23.6	24.8	25.6	26.8
1770.0	17.4	19.8	20.8	21.7	22.7	23.6	24.8	25.6	26.8
1780.0	17.5	19.8	20.8	21.7	22.7	23.6	24.8	25.6	26.8
1790.0	17.4	19.8	20.7	21.7	22.7	23.6	24.8	25.6	26.8
1800.0	17.4	19.8	20.8	21.7	22.7	23.6	24.8	25.6	26.8
1810.0	17.4	19.9	20.8	21.7	22.7	23.7	24.8	25.6	26.8
1820.0	17.5	19.9	20.8	21.7	22.7	23.7	24.8	25.6	26.8
1830.0	17.5	19.9	20.8	21.7	22.7	23.7	24.8	25.6	26.8
1840.0	17.5	19.9	20.8	21.8	22.7	23.7	24.8	25.6	26.8
1850.0	17.5	19.9	20.8	21.8	22.7	23.7	24.8	25.6	26.8
1860.0	17.5	19.9	20.8	21.8	22.7	23.7	24.8	25.6	26.8
1870.0	17.5	19.9	20.8	21.8	22.7	23.7	24.8	25.6	26.8
1880.0	17.5	19.9	20.8	21.8	22.7	23.7	24.8	25.6	26.8
1890.0	17.5	19.9	20.8	21.8	22.7	23.7	24.8	25.6	26.8
1900.0	17.5	19.9	20.8	21.8	22.7	23.7	24.8	25.6	26.8
1910.0	17.5	19.9	20.8	21.8	22.7	23.7	24.8	25.6	26.8
1920.0	17.5	19.9	20.8	21.8	22.8	23.7	24.8	25.6	26.8
1930.0	17.5	19.9	20.8	21.8	22.7	23.7	24.8	25.6	26.8
1940.0	17.5	19.9	20.8	21.8	22.7	23.7	24.8	25.6	26.8
1950.0	17.5	19.9	20.8	21.8	22.7	23.7	24.8	25.6	26.9
1960.0	17.5	19.9	20.8	21.8	22.8	23.7	24.8	25.6	26.8
1970.0	17.5	19.9	20.8	21.8	22.7	23.7	24.8	25.6	26.8
1980.0	17.5	19.9	20.8	21.8	22.7	23.7	24.8	25.6	26.8
1990.0	17.5	19.9	20.8	21.8	22.7	23.7	24.8	25.6	26.9
2000.0	17.5	19.9	20.8	21.8	22.7	23.7	24.8	25.6	26.9
2010.0	17.4	19.9	20.8	21.8	22.7	23.7	24.8	25.6	26.9
2020.0	17.5	19.9	20.8	21.8	22.8	23.7	24.8	25.6	26.9
2030.0	17.5	19.9	20.8	21.8	22.8	23.7	24.8	25.6	26.9
2040.0	17.5	19.9	20.8	21.8	22.7	23.7	24.8	25.6	26.9
2050.0	17.5	19.9	20.8	21.8	22.8	23.7	24.8	25.6	26.9
2060.0	17.5	19.9	20.8	21.8	22.8	23.7	24.8	25.6	26.8
2070.0	17.5	19.9	20.8	21.8	22.8	23.7	24.8	25.6	26.9
2080.0	17.5	19.9	20.8	21.8	22.8	23.7	24.8	25.7	26.9
2090.0	17.5	19.9	20.8	21.8	22.8	23.7	24.8	25.7	26.9
2100.0	17.5	19.9	20.8	21.8	22.8	23.7	24.8	25.7	26.9
2110.0	17.5	19.9	20.8	21.8	22.8	23.7	24.8	25.7	26.9
2120.0	17.5	19.9	20.8	21.8	22.8	23.7	24.8	25.7	26.9
2130.0	17.5	19.9	20.8	21.8	22.8	23.7	24.8	25.7	26.9
2140.0	17.5	19.9	20.8	21.8	22.8	23.7	24.9	25.7	26.9
2150.0	17.5	19.9	20.8	21.8	22.8	23.7	24.8	25.7	26.9
2160.0	17.4	19.9	20.8	21.8	22.8	23.7	24.8	25.7	26.9
2170.0	17.4	19.9	20.8	21.8	22.8	23.7	24.8	25.7	26.9
2180.0	17.4	19.9	20.8	21.8	22.8	23.7	24.8	25.7	26.9
2190.0	17.4	19.9	20.8	21.8	22.8	23.7	24.8	25.7	26.9
2200.0	17.4	19.9	20.8	21.8	22.8	23.7	24.9	25.7	26.9
2210.0	17.4	19.9	20.8	21.8	22.8	23.7	24.9	25.7	26.9
2220.0	17.4	19.9	20.8	21.8	22.8	23.7	24.8	25.7	26.9
2230.0	17.4	19.9	20.8	21.8	22.8	23.7	24.9	25.7	26.9
2240.0	17.4	19.9	20.8	21.8	22.8	23.7	24.9	25.7	26.9
2250.0	17.4	19.9	20.8	21.8	22.8	23.7	24.8	25.7	26.9
2260.0	17.5	19.9	20.8	21.8	22.8	23.7	24.9	25.7	26.9
2270.0	17.5	19.9	20.8	21.8	22.8	23.8	24.9	25.7	26.9
2280.0	17.5	19.9	20.8	21.8	22.8	23.7	24.9	25.7	26.9
2290.0	17.5	19.9	20.8	21.8	22.8	23.8	24.9	25.7	26.9
2300.0	17.5	19.9	20.8	21.8	22.8	23.7	24.9	25.7	26.9
2310.0	17.5	19.9	20.8	21.8	22.8	23.8	24.9	25.7	26.9
2320.0	17.5	19.9	20.8	21.8	22.8	23.8	24.9	25.7	26.9
2330.0	17.5	19.9	20.8	21.8	22.8	23.8	24.9	25.7	26.9
2340.0	17.5	19.9	20.8	21.8	22.8	23.8	24.9	25.7	26.9
2350.0	17.5	19.9	20.8	21.8	22.8	23.8	24.9	25.7	26.9
2360.0	17.5	19.9	20.8	21.8	22.8	23.8	24.9	25.7	26.9
2370.0	17.5	19.9	20.8	21.8	22.8	23.8	24.9	25.7	26.9
2380.0	17.5	19.9	20.8	21.8	22.8	23.8	24.9	25.7	26.9
2390.0	17.5	19.9	20.8	21.8	22.8	23.8	24.9	25.7	26.9
2400.0	17.5	19.9	20.8	21.8	22.8	23.8	24.9	25.7	26.9
2410.0	17.5	19.9	20.8	21.8	22.8	23.8	24.9	25.7	26.9
2420.0	17.5	19.9	20.8	21.8	22.8	23.8	24.9	25.7	26.9
2430.0	17.5	19.9	20.8	21.8	22.8	23.8	24.9	25.7	26.9
2440.0	17.5	19.9	20.8	21.8	22.8	23.8	24.9	25.7	26.9
2450.0	17.5	19.9	20.9	21.8	22.8	23.8	24.9	25.7	27.0
2460.0	17.5	19.9	20.9	21.8	22.8	23.8	24.9	25.7	27.0
2470.0	17.5	19.9	20.9	21.8	22.8	23.8	24.9	25.7	27.0
2480.0	17.5	19.9	20.9	21.8	22.8	23.8	24.9	25.7	26.9
2490.0	17.5	19.9	20.8	21.8	22.8	23.8	24.9	25.7	26.9
2500.0	17.5	19.9	20.9	21.8	22.8	23.8	24.9	25.7	27.0
2510.0	17.4	19.9	20.9	21.8	22.8	23.8	24.9	25.7	27.0
2520.0	17.4	19.9	20.9	21.8	22.8	23.8	24.9	25.7	26.9
2530.0	17.4	19.9	20.9	21.8	22.8	23.8	24.9	25.7	27.0
2540.0	17.4	19.9	20.9	21.8	22.8	23.8	24.9	25.7	27.0
2550.0	17.4	19.9	20.9	21.8	22.8	23.8	24.9	25.7	26.9
2560.0	17.4	19.9	20.8	21.8	22.8	23.8	24.9	25.7	27.0
2570.0	17.4	19.9	20.8	21.8	22.8	23.8	24.9	25.7	27.0
2580.0	17.4	19.9	20.8	21.8	22.8	23.8	24.9	25.7	27.0
2590.0	17.4	19.9	20.8	21.8	22.8	23.8	24.9	25.7	27.0
2600.0	17.4	19.9	20.8	21.8	22.8	23.8	24.9	25.7	27.0
2610.0	17.4	19.9	20.8	21.8	22.8	23.8	24.9	25.7	27.0
2620.0	17.4	19.9	20.9	21.8	22.8	23.8	24.9	25.7	27.0
2630.0	17.4	19.9	20.8	21.8	22.8	23.8	24.9	25.7	26.9
2640.0	17.4	19.9	20.9	21.8	22.8	23.8	24.9	25.7	27.0
2650.0	17.4	19.9	20.8	21.8	22.8	23.8	24.9	25.7	26.9
2660.0	17.4	19.9	20.9	21.8	22.8	23.8	24.9	25.7	27.0
2670.0	17.4	19.9	20.9	21.8	22.8	23.8	24.9	25.7	27.0
2680.0	17.5	19.9	20.9	21.9	22.8	23.8	24.9	25.7	27.0
2690.0	17.5	20.0	20.9	21.9	22.8	23.8	24.9	25.8	27.0
2700.0	17.5	20.0	20.9	21.8	22.8	23.8	24.9	25.7	27.0
2710.0	17.5	20.0	20.9	21.9	22.8	23.8	24.9	25.7	27.0
2720.0	17.5	20.0	20.9	21.9	22.9	23.8	24.9	25.8	27.0
2730.0	17.5	20.0	20.9	21.9	22.8	23.8	24.9	25.8	27.0
2740.0	17.4	20.0	20.9	21.9	22.8	23.8	24.9	25.8	27.0
2750.0	17.4	20.0	20.9	21.9	22.8	23.8	24.9	25.8	27.0
2760.0	17.5	20.0	20.9	21.9	22.9	23.8	24.9	25.8	27.0
2770.0	17.5	20.0	20.9	21.8	22.8	23.8	24.9	25.8	27.0
2780.0	17.5	20.0	20.9	21.9	22.9	23.8	24.9	25.8	27.0
2790.0	17.5	20.0	20.9	21.9	22.8	23.8	24.9	25.8	27.0
2800.0	17.5	20.0	20.9	21.9	22.9	23.8	24.9	25.8	27.0
2810.0	17.5	20.0	20.9	21.8	22.8	23.8	24.9	25.8	27.0
2820.0	17.5	20.0	20.9	21.9	22.8	23.8	24.9	25.8	27.0
2830.0	17.5	20.0	20.9	21.9	22.8	23.8	24.9	25.8	27.0
2840.0	17.6	19.9	20.9	21.9	22.8	23.8	24.9	25.8	27.0
2850.0	17.6	20.0	20.9	21.9	22.9	23.8	24.9	25.8	27.0
2860.0	17.6	20.0	20.9	21.9	22.9	23.8	24.9	25.8	27.0
2870.0	17.6	20.0	20.9	21.9	22.8	23.8	24.9	25.8	27.0
2880.0	17.6	20.0	20.9	21.9	22.9	23.8	24.9	25.8	27.0
2890.0	17.6	20.0	20.9	21.9	22.9	23.8	24.9	25.8	27.0
2900.0	17.5	20.0	20.9	21.9	22.9	23.8	24.9	25.8	27.0
2910.0	17.5	20.0	20.9	21.9	22.9	23.8	24.9	25.8	27.0
2920.0	17.5	20.0	20.9	21.9	22.9	23.8	24.9	25.8	27.0
2930.0	17.6	20.0	20.9	21.9	22.9	23.8	24.9	25.8	27.0
2940.0	17.6	20.0	20.9	21.9	22.9	23.8	24.9	25.8	27.0
2950.0	17.5	20.0	20.9	21.9	22.9	23.8	24.9	25.8	27.0
2960.0	17.5	20.0	20.9	21.9	22.9	23.8	24.9	25.8	27.0
2970.0	17.5	20.0	20.9	21.9	22.9	23.8	24.9	25.8	27.0
2980.0	17.5	20.0	20.9	21.9	22.9	23.8	24.9	25.8	27.0
2990.0	17.5	20.0	20.9	21.9	22.8	23.8	24.9	25.8	27.0
3000.0	17.5	20.0	20.9	21.9	22.8	23.8	24.9	25.8	27.0
3010.0	17.5	20.0	20.9	21.9	22.8	23.8	24.9	25.8	27.0
3020.0	17.5	20.0	20.9	21.9	22.9	23.8	24.9	25.8	27.0
3030.0	17.5	20.0	20.9	21.9	22.8	23.8	24.9	25.8	27.0
3040.0	17.5	20.0	20.9	21.9	22.9	23.8	24.9	25.8	27.0
3050.0	17.5	20.0	20.9	21.9	22.8	23.8	24.9	25.8	27.0
3060.0	17.5	20.0	20.9	21.9	22.9	23.8	24.9	25.8	27.0
3070.0	17.5	20.0	20.9	21.9	22.9	23.8	24.9	25.8	27.0
3080.0	17.5	20.0	20.9	21.9	22.8	23.8	25.0	25.8	27.0
3090.0	17.4	20.0	20.9	21.9	22.9	23.8	24.9	25.8	27.0
3100.0	17.4	20.0	20.9	21.9	22.9	23.8	24.9	25.8	27.0
3110.0	17.4	20.0	20.9	21.9	22.9	23.8	24.9	25.8	27.0
3120.0	17.4	20.0	20.9	21.9	22.9	23.8	25.0	25.8	27.0
3130.0	17.4	20.0	20.9	21.9	22.9	23.8	24.9	25.8	27.0
3140.0	17.4	20.0	20.9	21.9	22.9	23.8	24.9	25.8	27.0
3150.0	17.4	20.0	20.9	21.9	22.9	23.8	25.0	25.8	27.0
3160.0	17.4	20.0	20.9	21.9	22.9	23.8	24.9	25.8	27.0
3170.0	17.4	20.0	20.9	21.9	22.9	23.8	25.0	25.8	27.0
3180.0	17.4	20.0	20.9	21.9	22.9	23.8	25.0	25.8	27.0
3190.0	17.5	20.0	20.9	21.9	22.9	23.8	25.0	25.8	27.0
3200.0	17.5	20.0	20.9	21.9	22.9	23.8	25.0	25.8	27.0
3210.0	17.5	20.0	20.9	21.9	22.9	23.8	25.0	25.8	27.0
3220.0	17.5	20.0	20.9	21.9	22.9	23.8	24.9	25.8	27.0
3230.0	17.5	20.0	20.9	21.9	22.9	23.8	24.9	25.8	27.0
3240.0	17.5	20.0	20.9	21.9	22.9	23.8	24.9	25.8	27.0
3250.0	17.5	20.0	20.9	21.9	22.9	23.8	25.0	25.8	27.0
3260.0	17.5	20.0	20.9	21.9	22.9	23.8	24.9	25.8	27.0
3270.0	17.5	20.0	20.9	21.9	22.9	23.8	24.9	25.8	27.0
3280.0	17.5	20.0	20.9	21.9	22.9	23.8	24.9	25.8	27.0
3290.0	17.5	20.0	20.9	21.9	22.9	23.8	25.0	25.8	27.0
3300.0	17.5	20.0	20.9	21.9	22.9	23.8	25.0	25.8	27.0
3310.0	17.4	20.0	20.9	21.9	22.9	23.8	24.9	25.8	27.0
3320.0	17.4	20.0	20.9	21.9	22.9	23.8	25.0	25.8	27.0
3330.0	17.4	20.0	20.9	21.9	22.9	23.8	25.0	25.8	27.0
3340.0	17.5	20.0	20.9	21.9	22.9	23.8	24.9	25.8	27.0
3350.0	17.5	20.0	20.9	21.9	22.9	23.8	24.9	25.8	27.0
3360.0	17.5	20.0	20.9	21.9	22.9	23.8	25.0	25.8	27.0
3370.0	17.5	20.0	20.9	21.9	22.9	23.8	25.0	25.8	27.0
3380.0	17.5	20.0	20.9	21.9	22.9	23.9	25.0	25.8	27.0
3390.0	17.5	20.0	20.9	21.9	22.9	23.9	25.0	25.8	27.0
3400.0	17.5	20.0	20.9	21.9	22.9	23.8	24.9	25.8	27.0
3410.0	17.5	20.0	20.9	21.9	22.9	23.9	25.0	25.8	27.0
3420.0	17.5	20.0	20.9	21.9	22.9	23.9	25.0	25.8	27.0
3430.0	17.4	20.0	20.9	21.9	22.9	23.8	25.0	25.8	27.0
3440.0	17.5	20.0	20.9	21.9	22.9	23.8	25.0	25.8	27.0
3450.0	17.5	20.0	20.9	21.9	22.9	23.9	25.0	25.8	27.0
3460.0	17.5	20.0	20.9	21.9	22.9	23.8	25.0	25.8	27.0
3470.0	17.5	20.0	20.9	21.9	22.9	23.8	25.0	25.8	27.0
3480.0	17.5	20.0	20.9	21.9	22.9	23.9	25.0	25.8	27.0
3490.0	17.5	20.0	20.9	21.9	22.9	23.8	25.0	25.8	27.0
3500.0	17.4	20.0	20.9	21.9	22.9	23.8	24.9	25.8	27.0
3510.0	17.4	20.0	20.9	21.9	22.9	23.9	25.0	25.8	27.0
3520.0	17.4	20.0	20.9	21.9	22.9	23.9	25.0	25.8	27.0
3530.0	17.5	20.0	20.9	21.9	22.9	23.9	25.0	25.8	27.0
3540.0	17.5	20.0	20.9	21.9	22.9	23.8	25.0	25.8	27.0
3550.0	17.5	20.0	20.9	21.9	22.9	23.8	25.0	25.8	27.0
3560.0	17.5	20.0	20.9	21.9	22.9	23.8	25.0	25.8	27.0
3570.0	17.5	20.0	20.9	21.9	22.9	23.9	25.0	25.8	27.0
3580.0	17.5	20.0	20.9	21.9	22.9	23.9	25.0	25.8	27.0
3590.0	17.4	20.0	20.9	21.9	22.9	23.9	25.0	25.8	27.1
3600.0	17.4	20.0	20.9	21.9	22.9	23.9	25.0	25.8	27.0
3610.0	17.5	20.0	20.9	21.9	22.9	23.9	25.0	25.8	27.0
3620.0	17.4	20.0	20.9	21.9	22.9	23.9	25.0	25.8	27.1
3630.0	17.5	20.0	20.9	21.9	22.9	23.9	25.0	25.8	27.1
3640.0	17.5	20.0	20.9	21.9	22.9	23.9	25.0	25.8	27.1
3650.0	17.5	20.0	20.9	21.9	22.9	23.9	25.0	25.8	27.0
3660.0	17.4	20.0	20.9	21.9	22.9	23.9	25.0	25.8	27.1
3670.0	17.4	20.0	20.9	21.9	22.9	23.9	25.0	25.8	27.1
3680.0	17.4	20.0	20.9	21.9	22.9	23.9	25.0	25.8	27.1
3690.0	17.4	20.0	20.9	21.9	22.9	23.9	25.0	25.8	27.0
3700.0	17.4	20.0	20.9	21.9	22.9	23.9	25.0	25.8	27.1
3710.0	17.4	20.0	20.9	21.9	22.9	23.9	25.0	25.8	27.0
3720.0	17.4	20.0	20.9	21.9	22.9	23.9	25.0	25.8	27.1
3730.0	17.4	20.0	20.9	21.9	22.9	23.9	25.0	25.8	27.1
3740.0	17.4	20.0	20.9	21.9	22.9	23.9	25.0	25.8	27.0
3750.0	17.4	20.0	20.9	21.9	22.9	23.9	25.0	25.8	27.1
3760.0	17.4	20.0	20.9	21.9	22.9	23.9	25.0	25.8	27.0
3770.0	17.4	20.0	20.9	21.9	22.9	23.9	25.0	25.8	27.1
3780.0	17.4	20.0	21.0	21.9	22.9	23.9	25.0	25.9	27.1
3790.0	17.4	20.0	20.9	21.9	22.9	23.9	25.0	25.8	27.1
3800.0	17.4	20.0	20.9	21.9	22.9	23.9	25.0	25.8	27.1
3810.0	17.4	20.0	20.9	21.9	22.9	23.9	25.0	25.8	27.1
3820.0	17.4	20.0	21.0	21.9	22.9	23.9	25.0	25.8	27.1
3830.0	17.4	20.1	21.0	21.9	22.9	23.9	25.0	25.9	27.1
3840.0	17.4	20.1	20.9	21.9	22.9	23.9	25.0	25.8	27.1
3850.0	17.4	20.0	21.0	21.9	22.9	23.9	25.0	25.9	27.1
3860.0	17.4	20.0	21.0	21.9	22.9	23.9	25.0	25.9	27.1
3870.0	17.4	20.0	21.0	21.9	22.9	23.9	25.0	25.9	27.1
3880.0	17.4	20.0	21.0	21.9	22.9	23.9	25.0	25.9	27.1
3890.0	17.3	20.0	21.0	21.9	22.9	23.9	25.0	25.9	27.1
3900.0	17.3	20.1	21.0	22.0	22.9	23.9	25.0	25.9	27.1
3910.0	17.3	20.0	21.0	21.9	22.9	23.9	25.0	25.9	27.1
3920.0	17.3	20.0	21.0	21.9	22.9	23.9	25.0	25.9	27.1
3930.0	17.3	20.0	20.9	21.9	22.9	23.9	25.0	25.9	27.1
3940.0	17.4	20.0	20.9	21.9	22.9	23.9	25.0	25.9	27.1
3950.0	17.4	20.0	21.0	21.9	22.9	23.9	25.0	25.9	27.1
3960.0	17.4	20.0	21.0	21.9	22.9	23.9	25.0	25.9	27.1
3970.0	17.4	20.0	21.0	21.9	22.9	23.9	25.0	25.9	27.1
3980.0	17.4	20.0	21.0	21.9	22.9	23.9	25.0	25.9	27.1
3990.0	17.4	20.1	21.0	21.9	22.9	23.9	25.0	25.9	27.1
4000.0	17.4	20.1	21.0	21.9	22.9	23.9	25.0	25.9	27.1
