%Time[s]	CH0[°C]	CH1[°C]	CH2[°C]	CH3[°C]	CH4[°C]	CH5[°C]	CH6[°C]	CH7[°C]	CH8[°C]
0.0	16.7	16.5	16.5	16.6	16.7	16.7	16.7	16.8	16.8
10.0	16.7	16.5	16.5	16.6	16.7	16.7	16.7	16.8	16.9
20.0	16.7	16.5	16.5	16.6	16.7	16.7	16.7	16.8	16.8
30.0	16.8	16.5	16.5	16.6	16.7	16.7	16.7	16.8	16.8
40.0	16.8	16.5	16.5	16.6	16.7	16.7	16.7	16.8	16.8
50.0	16.8	16.5	16.5	16.6	16.7	16.7	16.7	16.8	16.8
60.0	16.8	16.5	16.5	16.6	16.7	16.7	16.7	16.8	16.8
70.0	16.8	16.5	16.5	16.6	16.7	16.7	16.7	16.8	16.8
80.0	16.8	16.5	16.5	16.6	16.6	16.7	16.7	16.8	16.8
90.0	16.8	16.5	16.5	16.6	16.7	16.7	16.7	16.8	16.8
100.0	16.8	16.5	16.5	16.6	16.6	16.7	16.7	16.8	16.8
110.0	16.8	16.5	16.5	16.6	16.6	16.7	16.7	16.8	16.8
120.0	16.8	16.5	16.5	16.6	16.6	16.7	16.7	16.8	16.8
130.0	16.8	16.5	16.5	16.6	16.6	16.7	16.7	16.8	16.8
140.0	16.8	16.5	16.5	16.6	16.6	16.7	16.7	16.8	16.8
150.0	16.8	16.5	16.5	16.6	16.6	16.7	16.7	16.8	16.8
160.0	16.8	16.5	16.5	16.6	16.6	16.7	16.7	16.8	16.8
170.0	16.8	16.5	16.5	16.6	16.7	16.7	16.7	16.8	16.8
180.0	16.8	16.5	16.5	16.6	16.6	16.7	16.7	16.8	16.8
190.0	16.8	16.5	16.5	16.6	16.6	16.7	16.7	16.8	16.8
200.0	16.8	16.5	16.5	16.6	16.6	16.7	16.7	16.8	16.8
210.0	16.8	16.5	16.5	16.6	16.6	16.7	16.7	16.8	16.8
220.0	16.8	16.5	16.5	16.6	16.6	16.7	16.7	16.8	16.8
230.0	16.8	16.5	16.5	16.6	16.6	16.7	16.7	16.8	16.8
240.0	16.8	16.5	16.5	16.6	16.6	16.7	16.7	16.8	16.8
250.0	16.8	16.5	16.5	16.6	16.6	16.7	16.7	16.8	16.8
260.0	16.8	16.5	16.5	16.6	16.6	16.7	16.7	16.8	16.8
270.0	16.7	16.5	16.5	16.6	16.6	16.6	16.7	16.7	16.8
280.0	16.8	16.5	16.5	16.6	16.6	16.7	16.7	16.7	16.8
290.0	16.8	16.5	16.5	16.6	16.6	16.7	16.7	16.7	16.8
300.0	16.8	16.5	16.5	16.6	16.6	16.6	16.7	16.7	16.8
310.0	16.8	16.5	16.5	16.6	16.6	16.7	16.7	16.7	16.8
320.0	16.8	16.5	16.5	16.6	16.6	16.7	16.7	16.7	16.8
330.0	16.8	16.5	16.5	16.6	16.6	16.6	16.7	16.7	16.8
340.0	16.8	16.5	16.5	16.6	16.6	16.6	16.7	16.8	16.8
350.0	16.8	16.5	16.5	16.6	16.6	16.6	16.7	16.8	16.9
360.0	16.8	16.5	16.5	16.6	16.6	16.7	16.7	16.8	16.9
370.0	16.8	16.5	16.5	16.6	16.6	16.7	16.8	16.9	17.1
380.0	16.8	16.5	16.5	16.6	16.7	16.7	16.8	17.0	17.2
390.0	16.8	16.5	16.5	16.6	16.7	16.8	16.9	17.2	17.3
400.0	16.7	16.5	16.5	16.7	16.7	16.9	17.0	17.3	17.5
410.0	16.7	16.6	16.6	16.7	16.8	16.9	17.1	17.4	17.7
420.0	16.7	16.6	16.6	16.8	16.9	17.0	17.3	17.6	17.9
430.0	16.7	16.6	16.6	16.8	16.9	17.1	17.4	17.8	18.1
440.0	16.8	16.6	16.7	16.9	17.0	17.2	17.5	17.9	18.2
450.0	16.8	16.6	16.7	16.9	17.1	17.3	17.7	18.1	18.4
460.0	16.8	16.7	16.8	17.0	17.2	17.5	17.8	18.2	18.6
470.0	16.8	16.7	16.8	17.1	17.3	17.6	18.0	18.4	18.8
480.0	16.7	16.8	16.9	17.1	17.4	17.7	18.1	18.6	19.0
490.0	16.7	16.8	17.0	17.2	17.5	17.8	18.2	18.7	19.2
500.0	16.8	16.8	17.0	17.3	17.6	18.0	18.4	18.9	19.4
510.0	16.8	16.9	17.1	17.4	17.7	18.1	18.5	19.1	19.6
520.0	16.8	16.9	17.2	17.5	17.8	18.2	18.7	19.2	19.7
530.0	16.8	17.0	17.2	17.6	17.9	18.3	18.8	19.4	19.9
540.0	16.8	17.0	17.3	17.7	18.0	18.5	19.0	19.6	20.1
550.0	16.9	17.1	17.4	17.7	18.1	18.6	19.1	19.7	20.3
560.0	16.9	17.1	17.5	17.8	18.2	18.7	19.3	19.9	20.4
570.0	16.9	17.2	17.5	17.9	18.3	18.8	19.4	20.0	20.6
580.0	16.9	17.3	17.6	18.0	18.4	18.9	19.5	20.2	20.8
590.0	16.9	17.3	17.7	18.1	18.5	19.1	19.7	20.3	20.9
600.0	16.9	17.4	17.7	18.2	18.6	19.2	19.8	20.5	21.1
610.0	16.9	17.4	17.8	18.3	18.7	19.3	19.9	20.6	21.2
620.0	16.9	17.5	17.9	18.4	18.8	19.4	20.0	20.7	21.4
630.0	16.9	17.5	17.9	18.4	18.9	19.5	20.2	20.9	21.5
640.0	16.9	17.6	18.0	18.5	19.0	19.6	20.3	21.0	21.7
650.0	16.9	17.6	18.1	18.6	19.1	19.7	20.4	21.1	21.8
660.0	16.9	17.6	18.1	18.7	19.2	19.9	20.5	21.3	22.0
670.0	16.9	17.7	18.2	18.8	19.3	20.0	20.7	21.4	22.1
680.0	16.9	17.7	18.3	18.8	19.4	20.1	20.8	21.5	22.2
690.0	16.9	17.8	18.3	18.9	19.4	20.2	20.9	21.6	22.4
700.0	16.9	17.8	18.4	19.0	19.5	20.3	21.0	21.8	22.5
710.0	16.9	17.9	18.4	19.1	19.6	20.4	21.1	21.9	22.6
720.0	16.9	17.9	18.5	19.1	19.7	20.5	21.2	22.0	22.7
730.0	16.9	18.0	18.5	19.2	19.8	20.6	21.3	22.1	22.9
740.0	16.9	18.0	18.6	19.3	19.9	20.6	21.4	22.2	23.0
750.0	16.9	18.0	18.6	19.3	19.9	20.7	21.5	22.3	23.1
760.0	16.9	18.1	18.7	19.4	20.0	20.8	21.6	22.4	23.2
770.0	16.9	18.1	18.7	19.5	20.1	20.9	21.7	22.5	23.3
780.0	16.9	18.2	18.8	19.5	20.2	21.0	21.8	22.6	23.4
790.0	16.9	18.2	18.8	19.6	20.2	21.1	21.9	22.7	23.5
800.0	16.9	18.2	18.9	19.6	20.3	21.2	22.0	22.8	23.7
810.0	17.0	18.3	19.0	19.7	20.4	21.2	22.1	22.9	23.7
820.0	16.9	18.3	19.0	19.8	20.5	21.3	22.2	23.0	23.8
830.0	17.0	18.3	19.1	19.8	20.5	21.4	22.2	23.1	23.9
840.0	17.0	18.4	19.1	19.9	20.6	21.5	22.3	23.2	24.1
850.0	17.0	18.4	19.1	19.9	20.7	21.5	22.4	23.3	24.2
860.0	17.0	18.5	19.2	20.0	20.7	21.6	22.5	23.4	24.2
870.0	17.0	18.5	19.2	20.1	20.8	21.7	22.6	23.5	24.3
880.0	17.0	18.5	19.3	20.1	20.8	21.8	22.6	23.5	24.4
890.0	17.0	18.6	19.3	20.2	20.9	21.8	22.7	23.6	24.5
900.0	17.0	18.6	19.4	20.2	21.0	21.9	22.8	23.7	24.6
910.0	17.0	18.6	19.4	20.3	21.0	22.0	22.9	23.8	24.7
920.0	17.0	18.6	19.4	20.3	21.1	22.0	23.0	23.9	24.8
930.0	16.9	18.7	19.5	20.4	21.2	22.1	23.0	23.9	24.9
940.0	16.9	18.7	19.5	20.4	21.2	22.2	23.1	24.0	25.0
950.0	16.9	18.7	19.5	20.4	21.2	22.2	23.2	24.1	25.0
960.0	16.9	18.7	19.6	20.5	21.3	22.3	23.2	24.1	25.1
970.0	16.9	18.8	19.6	20.5	21.3	22.3	23.3	24.2	25.2
980.0	16.9	18.8	19.6	20.6	21.4	22.4	23.4	24.3	25.3
990.0	16.9	18.8	19.7	20.6	21.4	22.5	23.4	24.4	25.3
1000.0	16.9	18.8	19.7	20.6	21.5	22.5	23.5	24.4	25.4
1010.0	16.9	18.8	19.7	20.7	21.5	22.6	23.5	24.5	25.5
1020.0	16.9	18.9	19.8	20.7	21.6	22.6	23.6	24.6	25.5
1030.0	16.9	18.9	19.8	20.8	21.6	22.7	23.7	24.6	25.6
1040.0	16.9	18.9	19.8	20.8	21.7	22.7	23.7	24.7	25.7
1050.0	17.0	18.9	19.8	20.8	21.7	22.8	23.8	24.7	25.7
1060.0	17.0	19.0	19.9	20.9	21.8	22.8	23.8	24.8	25.8
1070.0	17.0	19.0	19.9	20.9	21.8	22.9	23.9	24.9	25.9
1080.0	17.0	19.0	20.0	21.0	21.9	22.9	23.9	24.9	25.9
1090.0	17.0	19.1	20.0	21.0	21.9	23.0	24.0	25.0	26.0
1100.0	17.0	19.1	20.0	21.0	21.9	23.0	24.0	25.0	26.1
1110.0	17.0	19.1	20.0	21.1	22.0	23.0	24.1	25.1	26.1
1120.0	17.0	19.1	20.1	21.1	22.0	23.1	24.1	25.1	26.2
1130.0	17.0	19.1	20.1	21.1	22.1	23.1	24.2	25.2	26.2
1140.0	17.0	19.2	20.1	21.2	22.1	23.2	24.2	25.3	26.3
1150.0	17.0	19.2	20.2	21.2	22.1	23.2	24.3	25.3	26.3
1160.0	17.0	19.2	20.2	21.2	22.2	23.3	24.3	25.4	26.4
1170.0	17.0	19.2	20.2	21.2	22.2	23.3	24.4	25.4	26.4
1180.0	17.0	19.2	20.2	21.3	22.2	23.3	24.4	25.5	26.5
1190.0	17.0	19.2	20.2	21.3	22.3	23.4	24.5	25.5	26.6
1200.0	17.0	19.3	20.3	21.3	22.3	23.4	24.5	25.5	26.6
1210.0	16.9	19.3	20.3	21.4	22.3	23.5	24.5	25.6	26.6
1220.0	17.0	19.3	20.3	21.4	22.4	23.5	24.6	25.6	26.7
1230.0	16.9	19.3	20.3	21.4	22.4	23.5	24.6	25.7	26.8
1240.0	17.0	19.3	20.3	21.4	22.4	23.5	24.7	25.7	26.8
1250.0	17.0	19.3	20.3	21.5	22.4	23.6	24.7	25.7	26.8
1260.0	17.0	19.3	20.4	21.5	22.5	23.6	24.7	25.8	26.9
1270.0	17.0	19.4	20.4	21.5	22.5	23.7	24.8	25.8	26.9
1280.0	17.0	19.4	20.4	21.5	22.5	23.7	24.8	25.9	27.0
1290.0	17.0	19.4	20.4	21.5	22.6	23.7	24.8	25.9	27.0
1300.0	17.0	19.4	20.5	21.6	22.6	23.8	24.9	25.9	27.1
1310.0	17.0	19.4	20.5	21.6	22.6	23.8	24.9	26.0	27.1
1320.0	17.0	19.4	20.5	21.6	22.6	23.8	24.9	26.0	27.1
1330.0	17.0	19.5	20.5	21.7	22.7	23.9	25.0	26.1	27.2
1340.0	17.0	19.5	20.5	21.7	22.7	23.9	25.0	26.1	27.2
1350.0	17.0	19.5	20.6	21.7	22.7	23.9	25.0	26.1	27.3
1360.0	17.0	19.5	20.6	21.7	22.8	23.9	25.1	26.2	27.3
1370.0	17.0	19.5	20.6	21.7	22.8	24.0	25.1	26.2	27.3
1380.0	17.0	19.5	20.6	21.8	22.8	24.0	25.1	26.2	27.4
1390.0	17.0	19.6	20.6	21.8	22.8	24.0	25.2	26.3	27.4
1400.0	17.1	19.6	20.7	21.8	22.9	24.1	25.2	26.3	27.4
1410.0	17.1	19.6	20.7	21.8	22.9	24.1	25.2	26.3	27.5
1420.0	17.0	19.6	20.7	21.8	22.9	24.1	25.2	26.4	27.5
1430.0	17.0	19.6	20.7	21.9	22.9	24.1	25.3	26.4	27.5
1440.0	17.0	19.6	20.7	21.9	22.9	24.2	25.3	26.4	27.6
1450.0	17.0	19.6	20.7	21.9	23.0	24.2	25.3	26.5	27.6
1460.0	17.0	19.6	20.7	21.9	23.0	24.2	25.4	26.5	27.6
1470.0	17.0	19.6	20.7	21.9	23.0	24.2	25.4	26.5	27.7
1480.0	17.0	19.6	20.8	22.0	23.0	24.3	25.4	26.5	27.7
1490.0	17.0	19.6	20.8	22.0	23.0	24.3	25.4	26.6	27.7
1500.0	17.0	19.7	20.8	22.0	23.1	24.3	25.5	26.6	27.8
1510.0	17.0	19.7	20.8	22.0	23.1	24.3	25.5	26.6	27.8
1520.0	17.0	19.7	20.8	22.0	23.1	24.3	25.5	26.7	27.8
1530.0	17.0	19.7	20.8	22.0	23.1	24.4	25.5	26.7	27.9
1540.0	17.0	19.7	20.8	22.0	23.1	24.4	25.6	26.7	27.9
1550.0	17.0	19.7	20.8	22.0	23.1	24.4	25.6	26.7	27.9
1560.0	17.0	19.7	20.8	22.1	23.2	24.4	25.6	26.7	27.9
1570.0	17.0	19.7	20.8	22.1	23.2	24.4	25.6	26.8	28.0
1580.0	17.0	19.7	20.8	22.1	23.2	24.5	25.6	26.8	28.0
1590.0	17.0	19.7	20.9	22.1	23.2	24.5	25.7	26.8	28.0
1600.0	17.0	19.7	20.9	22.1	23.2	24.5	25.7	26.8	28.0
1610.0	17.0	19.7	20.9	22.1	23.2	24.5	25.7	26.8	28.1
1620.0	17.0	19.7	20.9	22.1	23.2	24.5	25.7	26.9	28.1
1630.0	17.0	19.7	20.9	22.1	23.2	24.5	25.7	26.9	28.1
1640.0	17.0	19.8	20.9	22.2	23.3	24.5	25.7	26.9	28.1
1650.0	17.0	19.8	20.9	22.2	23.3	24.5	25.8	26.9	28.1
1660.0	17.0	19.8	20.9	22.2	23.3	24.6	25.8	27.0	28.2
1670.0	17.0	19.8	20.9	22.2	23.3	24.6	25.8	27.0	28.2
1680.0	17.0	19.8	20.9	22.2	23.3	24.6	25.8	27.0	28.2
1690.0	17.0	19.8	21.0	22.2	23.3	24.6	25.8	27.0	28.2
1700.0	17.0	19.8	21.0	22.2	23.4	24.6	25.8	27.0	28.3
1710.0	17.0	19.8	21.0	22.2	23.4	24.7	25.9	27.0	28.3
1720.0	17.0	19.8	21.0	22.2	23.4	24.7	25.9	27.1	28.3
1730.0	17.0	19.8	21.0	22.3	23.4	24.7	25.9	27.1	28.3
1740.0	17.0	19.8	21.0	22.3	23.4	24.7	25.9	27.1	28.3
1750.0	17.0	19.9	21.0	22.3	23.4	24.7	25.9	27.1	28.3
1760.0	17.0	19.9	21.0	22.3	23.4	24.7	26.0	27.1	28.4
1770.0	17.0	19.9	21.0	22.3	23.5	24.7	26.0	27.2	28.4
1780.0	17.0	19.9	21.1	22.3	23.5	24.8	26.0	27.2	28.4
1790.0	17.0	19.9	21.1	22.3	23.5	24.8	26.0	27.2	28.4
1800.0	17.0	19.9	21.1	22.3	23.5	24.8	26.0	27.2	28.4
1810.0	17.0	19.9	21.1	22.3	23.5	24.8	26.0	27.2	28.5
1820.0	17.0	19.9	21.1	22.4	23.5	24.8	26.0	27.2	28.5
1830.0	17.0	19.9	21.1	22.4	23.5	24.8	26.0	27.3	28.5
1840.0	17.0	19.9	21.1	22.4	23.5	24.8	26.1	27.3	28.5
1850.0	17.0	19.9	21.1	22.4	23.5	24.8	26.1	27.3	28.5
1860.0	17.0	19.9	21.1	22.4	23.6	24.9	26.1	27.3	28.5
1870.0	17.0	19.9	21.1	22.4	23.5	24.9	26.1	27.3	28.6
1880.0	17.0	19.9	21.1	22.4	23.6	24.9	26.1	27.3	28.6
1890.0	17.0	19.9	21.1	22.4	23.6	24.9	26.1	27.3	28.6
1900.0	17.0	19.9	21.1	22.4	23.6	24.9	26.1	27.3	28.6
1910.0	17.1	19.9	21.1	22.4	23.6	24.9	26.1	27.3	28.6
1920.0	17.1	20.0	21.2	22.4	23.6	24.9	26.2	27.4	28.6
1930.0	17.1	20.0	21.2	22.5	23.6	24.9	26.2	27.4	28.6
1940.0	17.1	20.0	21.2	22.5	23.6	25.0	26.2	27.4	28.7
1950.0	17.1	20.0	21.2	22.5	23.7	25.0	26.2	27.4	28.7
1960.0	17.1	20.0	21.2	22.5	23.7	25.0	26.2	27.4	28.7
1970.0	17.1	20.0	21.2	22.5	23.7	25.0	26.2	27.4	28.7
1980.0	17.1	20.0	21.2	22.5	23.7	25.0	26.2	27.4	28.7
1990.0	17.1	20.1	21.3	22.5	23.7	25.0	26.3	27.5	28.7
2000.0	17.1	20.1	21.3	22.6	23.7	25.0	26.3	27.5	28.7
2010.0	17.1	20.1	21.3	22.6	23.7	25.0	26.3	27.5	28.8
2020.0	17.1	20.1	21.3	22.6	23.7	25.1	26.3	27.5	28.8
2030.0	17.1	20.1	21.3	22.6	23.7	25.1	26.3	27.5	28.8
2040.0	17.1	20.1	21.3	22.6	23.8	25.1	26.3	27.5	28.8
2050.0	17.1	20.1	21.3	22.6	23.8	25.1	26.3	27.5	28.8
2060.0	17.1	20.1	21.3	22.6	23.8	25.1	26.3	27.6	28.8
2070.0	17.1	20.1	21.3	22.6	23.8	25.1	26.4	27.6	28.8
2080.0	17.1	20.1	21.3	22.6	23.8	25.1	26.4	27.6	28.9
2090.0	17.1	20.1	21.3	22.6	23.8	25.1	26.4	27.6	28.9
2100.0	17.1	20.1	21.3	22.6	23.8	25.1	26.4	27.6	28.9
2110.0	17.1	20.1	21.3	22.6	23.8	25.1	26.4	27.6	28.9
2120.0	17.1	20.1	21.3	22.6	23.8	25.1	26.4	27.6	28.9
2130.0	17.1	20.1	21.3	22.7	23.8	25.2	26.4	27.6	28.9
2140.0	17.1	20.1	21.3	22.7	23.8	25.2	26.4	27.6	28.9
2150.0	17.1	20.1	21.3	22.7	23.8	25.2	26.4	27.6	28.9
2160.0	17.1	20.1	21.3	22.7	23.8	25.2	26.4	27.7	29.0
2170.0	17.1	20.1	21.3	22.7	23.9	25.2	26.5	27.7	29.0
2180.0	17.1	20.1	21.3	22.7	23.8	25.2	26.4	27.7	29.0
2190.0	17.1	20.1	21.3	22.7	23.9	25.2	26.5	27.7	29.0
2200.0	17.1	20.1	21.3	22.7	23.9	25.2	26.5	27.7	29.0
2210.0	17.1	20.1	21.3	22.7	23.9	25.2	26.5	27.7	29.0
2220.0	17.1	20.1	21.3	22.7	23.9	25.2	26.5	27.7	29.0
2230.0	17.0	20.1	21.3	22.7	23.9	25.2	26.5	27.7	29.0
2240.0	17.0	20.1	21.3	22.7	23.9	25.2	26.5	27.7	29.0
2250.0	17.0	20.1	21.3	22.7	23.9	25.2	26.5	27.7	29.0
2260.0	17.0	20.1	21.3	22.7	23.9	25.2	26.5	27.7	29.0
2270.0	17.0	20.1	21.3	22.7	23.9	25.2	26.5	27.7	29.0
2280.0	17.0	20.1	21.3	22.7	23.9	25.2	26.5	27.7	29.0
2290.0	17.0	20.1	21.4	22.7	23.9	25.2	26.5	27.8	29.1
2300.0	17.0	20.1	21.4	22.7	23.9	25.3	26.5	27.8	29.1
2310.0	17.0	20.1	21.4	22.7	23.9	25.3	26.5	27.8	29.1
2320.0	17.0	20.1	21.4	22.7	23.9	25.3	26.5	27.8	29.1
2330.0	17.1	20.1	21.4	22.7	23.9	25.3	26.6	27.8	29.1
2340.0	17.0	20.1	21.4	22.7	23.9	25.3	26.6	27.8	29.1
2350.0	17.1	20.1	21.4	22.7	23.9	25.3	26.6	27.8	29.1
2360.0	17.1	20.1	21.4	22.7	23.9	25.3	26.6	27.8	29.1
2370.0	17.1	20.1	21.4	22.7	23.9	25.3	26.6	27.8	29.1
2380.0	17.1	20.1	21.4	22.7	23.9	25.3	26.6	27.8	29.1
2390.0	17.1	20.1	21.4	22.7	23.9	25.3	26.6	27.8	29.1
2400.0	17.1	20.1	21.4	22.7	24.0	25.3	26.6	27.8	29.1
2410.0	17.1	20.1	21.4	22.7	23.9	25.3	26.6	27.8	29.1
2420.0	17.0	20.1	21.4	22.7	24.0	25.3	26.6	27.8	29.1
2430.0	17.1	20.2	21.4	22.8	24.0	25.3	26.6	27.9	29.2
2440.0	17.1	20.2	21.4	22.8	24.0	25.3	26.6	27.9	29.2
2450.0	17.0	20.2	21.4	22.8	24.0	25.3	26.6	27.9	29.2
2460.0	17.0	20.2	21.4	22.8	24.0	25.3	26.6	27.9	29.2
2470.0	17.0	20.2	21.4	22.8	24.0	25.3	26.6	27.9	29.2
2480.0	17.0	20.1	21.4	22.8	24.0	25.3	26.6	27.9	29.2
2490.0	17.0	20.1	21.4	22.8	24.0	25.3	26.6	27.9	29.2
2500.0	17.0	20.1	21.4	22.8	24.0	25.3	26.6	27.9	29.2
2510.0	17.0	20.1	21.4	22.8	24.0	25.3	26.6	27.9	29.2
2520.0	17.0	20.1	21.4	22.8	24.0	25.3	26.6	27.9	29.2
2530.0	17.0	20.2	21.4	22.8	24.0	25.3	26.6	27.9	29.2
2540.0	17.0	20.2	21.4	22.8	24.0	25.4	26.6	27.9	29.2
2550.0	17.0	20.2	21.4	22.8	24.0	25.4	26.6	27.9	29.2
2560.0	17.1	20.2	21.4	22.8	24.0	25.4	26.7	27.9	29.2
2570.0	17.1	20.2	21.4	22.8	24.0	25.4	26.7	27.9	29.2
2580.0	17.1	20.2	21.4	22.8	24.0	25.4	26.7	27.9	29.2
2590.0	17.1	20.2	21.4	22.8	24.0	25.4	26.7	27.9	29.2
2600.0	17.1	20.2	21.5	22.8	24.0	25.4	26.7	27.9	29.2
2610.0	17.1	20.2	21.5	22.8	24.0	25.4	26.7	27.9	29.3
2620.0	17.1	20.2	21.5	22.8	24.0	25.4	26.7	27.9	29.3
2630.0	17.1	20.2	21.5	22.8	24.0	25.4	26.7	27.9	29.3
2640.0	17.1	20.2	21.5	22.8	24.0	25.4	26.7	27.9	29.3
2650.0	17.1	20.2	21.5	22.8	24.0	25.4	26.7	27.9	29.3
2660.0	17.1	20.2	21.5	22.8	24.1	25.4	26.7	28.0	29.3
2670.0	17.1	20.2	21.5	22.8	24.1	25.4	26.7	28.0	29.3
2680.0	17.1	20.2	21.5	22.8	24.1	25.4	26.7	28.0	29.3
2690.0	17.1	20.2	21.5	22.8	24.1	25.4	26.7	28.0	29.3
2700.0	17.1	20.3	21.5	22.9	24.1	25.4	26.7	28.0	29.3
2710.0	17.1	20.3	21.5	22.8	24.1	25.4	26.7	28.0	29.3
2720.0	17.1	20.2	21.5	22.9	24.1	25.4	26.7	28.0	29.3
2730.0	17.1	20.2	21.5	22.9	24.1	25.4	26.7	28.0	29.3
2740.0	17.1	20.3	21.5	22.9	24.1	25.4	26.7	28.0	29.3
2750.0	17.0	20.2	21.5	22.9	24.1	25.4	26.7	28.0	29.3
2760.0	17.0	20.2	21.5	22.9	24.1	25.5	26.7	28.0	29.3
2770.0	17.1	20.2	21.5	22.9	24.1	25.5	26.7	28.0	29.3
2780.0	17.0	20.2	21.5	22.8	24.1	25.5	26.8	28.0	29.3
2790.0	17.0	20.2	21.5	22.8	24.1	25.4	26.7	28.0	29.3
2800.0	17.1	20.2	21.5	22.9	24.1	25.5	26.8	28.0	29.4
2810.0	17.1	20.2	21.5	22.9	24.1	25.5	26.8	28.0	29.3
2820.0	17.1	20.2	21.5	22.9	24.1	25.5	26.8	28.0	29.4
2830.0	17.0	20.2	21.5	22.9	24.1	25.5	26.8	28.0	29.4
2840.0	17.0	20.2	21.5	22.9	24.1	25.5	26.8	28.0	29.4
2850.0	17.1	20.2	21.5	22.9	24.1	25.5	26.8	28.0	29.4
2860.0	17.0	20.2	21.5	22.9	24.1	25.5	26.8	28.0	29.4
2870.0	17.1	20.2	21.5	22.9	24.1	25.5	26.8	28.0	29.4
2880.0	17.1	20.2	21.5	22.9	24.1	25.5	26.8	28.0	29.4
2890.0	17.1	20.2	21.5	22.9	24.1	25.5	26.8	28.0	29.4
2900.0	17.1	20.2	21.5	22.9	24.1	25.5	26.8	28.0	29.4
2910.0	17.1	20.2	21.5	22.9	24.1	25.5	26.8	28.0	29.4
2920.0	17.1	20.2	21.5	22.9	24.1	25.5	26.8	28.0	29.4
2930.0	17.1	20.2	21.5	22.9	24.1	25.5	26.8	28.0	29.4
2940.0	17.1	20.2	21.5	22.9	24.1	25.5	26.8	28.1	29.4
2950.0	17.1	20.2	21.5	22.9	24.1	25.5	26.8	28.0	29.4
2960.0	17.1	20.2	21.5	22.9	24.1	25.5	26.8	28.0	29.4
2970.0	17.1	20.2	21.5	22.9	24.1	25.5	26.8	28.1	29.4
2980.0	17.1	20.3	21.5	22.9	24.1	25.5	26.8	28.1	29.4
2990.0	17.1	20.3	21.5	22.9	24.1	25.5	26.8	28.1	29.4
3000.0	17.1	20.3	21.5	22.9	24.1	25.5	26.8	28.1	29.4
3010.0	17.1	20.3	21.5	22.9	24.1	25.5	26.8	28.1	29.4
3020.0	17.1	20.3	21.5	22.9	24.1	25.5	26.8	28.1	29.4
3030.0	17.1	20.2	21.5	22.9	24.1	25.5	26.8	28.1	29.4
3040.0	17.1	20.3	21.5	22.9	24.1	25.5	26.8	28.1	29.4
3050.0	17.1	20.3	21.5	22.9	24.1	25.5	26.8	28.1	29.4
3060.0	17.1	20.3	21.5	22.9	24.1	25.5	26.8	28.1	29.4
3070.0	17.1	20.3	21.5	22.9	24.1	25.5	26.8	28.1	29.4
3080.0	17.0	20.3	21.5	22.9	24.1	25.5	26.8	28.1	29.4
3090.0	17.0	20.2	21.5	22.9	24.1	25.5	26.8	28.1	29.4
3100.0	17.0	20.2	21.5	22.9	24.1	25.5	26.8	28.1	29.4
3110.0	17.0	20.3	21.5	22.9	24.1	25.5	26.8	28.1	29.4
3120.0	17.0	20.3	21.5	22.9	24.1	25.5	26.8	28.1	29.4
3130.0	17.0	20.2	21.5	22.9	24.1	25.5	26.8	28.1	29.4
3140.0	17.0	20.3	21.5	22.9	24.1	25.5	26.8	28.1	29.4
3150.0	17.1	20.3	21.5	22.9	24.1	25.5	26.8	28.1	29.5
3160.0	17.1	20.3	21.5	22.9	24.1	25.5	26.8	28.1	29.4
3170.0	17.1	20.3	21.5	22.9	24.1	25.5	26.8	28.1	29.4
3180.0	17.1	20.3	21.5	22.9	24.2	25.5	26.8	28.1	29.5
3190.0	17.1	20.3	21.5	22.9	24.1	25.5	26.8	28.1	29.5
3200.0	17.1	20.3	21.5	22.9	24.2	25.5	26.8	28.1	29.5
3210.0	17.1	20.3	21.5	22.9	24.2	25.5	26.8	28.1	29.4
3220.0	17.1	20.3	21.6	22.9	24.2	25.5	26.8	28.1	29.4
3230.0	17.1	20.3	21.6	22.9	24.2	25.5	26.8	28.1	29.5
3240.0	17.1	20.3	21.6	22.9	24.2	25.5	26.8	28.1	29.5
3250.0	17.1	20.3	21.6	22.9	24.2	25.5	26.8	28.1	29.5
3260.0	17.1	20.3	21.6	22.9	24.2	25.5	26.8	28.1	29.5
3270.0	17.1	20.3	21.6	22.9	24.2	25.5	26.9	28.1	29.5
3280.0	17.1	20.3	21.6	23.0	24.2	25.6	26.9	28.1	29.5
3290.0	17.1	20.3	21.6	23.0	24.2	25.6	26.9	28.1	29.5
3300.0	17.1	20.3	21.6	22.9	24.2	25.6	26.9	28.1	29.5
3310.0	17.1	20.3	21.6	22.9	24.2	25.6	26.9	28.1	29.5
3320.0	17.2	20.3	21.6	23.0	24.2	25.6	26.9	28.1	29.5
3330.0	17.1	20.3	21.6	23.0	24.2	25.6	26.9	28.1	29.5
3340.0	17.2	20.3	21.6	23.0	24.2	25.6	26.9	28.1	29.5
3350.0	17.1	20.3	21.6	23.0	24.2	25.6	26.9	28.1	29.5
3360.0	17.1	20.3	21.6	22.9	24.2	25.6	26.9	28.1	29.5
3370.0	17.1	20.3	21.6	22.9	24.2	25.6	26.9	28.1	29.5
3380.0	17.1	20.3	21.6	22.9	24.2	25.6	26.9	28.1	29.5
3390.0	17.1	20.3	21.6	23.0	24.2	25.6	26.9	28.1	29.5
3400.0	17.1	20.3	21.6	22.9	24.2	25.6	26.9	28.1	29.5
3410.0	17.1	20.3	21.6	22.9	24.2	25.6	26.9	28.1	29.5
3420.0	17.1	20.3	21.6	23.0	24.2	25.6	26.9	28.1	29.5
3430.0	17.2	20.3	21.6	23.0	24.2	25.6	26.9	28.2	29.5
3440.0	17.2	20.3	21.6	23.0	24.2	25.6	26.9	28.2	29.5
3450.0	17.2	20.3	21.6	23.0	24.2	25.6	26.9	28.2	29.5
3460.0	17.2	20.3	21.6	23.0	24.2	25.6	26.9	28.2	29.5
3470.0	17.2	20.3	21.6	23.0	24.2	25.6	26.9	28.2	29.5
3480.0	17.2	20.3	21.6	23.0	24.2	25.6	26.9	28.2	29.5
3490.0	17.2	20.3	21.6	23.0	24.2	25.6	26.9	28.2	29.5
3500.0	17.2	20.3	21.6	23.0	24.2	25.6	26.9	28.2	29.5
3510.0	17.2	20.3	21.6	23.0	24.2	25.6	26.9	28.2	29.5
3520.0	17.2	20.3	21.6	23.0	24.2	25.6	26.9	28.2	29.5
3530.0	17.2	20.3	21.6	23.0	24.2	25.6	26.9	28.2	29.5
3540.0	17.2	20.3	21.6	23.0	24.2	25.6	26.9	28.2	29.5
3550.0	17.2	20.4	21.6	23.0	24.2	25.6	26.9	28.2	29.5
3560.0	17.2	20.3	21.6	23.0	24.2	25.6	26.9	28.2	29.5
3570.0	17.1	20.3	21.6	23.0	24.2	25.6	26.9	28.2	29.5
3580.0	17.1	20.3	21.6	23.0	24.2	25.6	26.9	28.2	29.5
3590.0	17.1	20.3	21.6	23.0	24.2	25.6	26.9	28.2	29.5
3600.0	17.2	20.3	21.6	23.0	24.2	25.6	26.9	28.2	29.5
3610.0	17.1	20.3	21.6	23.0	24.2	25.6	26.9	28.2	29.5
3620.0	17.1	20.3	21.6	23.0	24.2	25.6	26.9	28.2	29.5
3630.0	17.1	20.3	21.6	23.0	24.2	25.6	26.9	28.2	29.5
3640.0	17.1	20.3	21.6	23.0	24.2	25.6	26.9	28.2	29.6
3650.0	17.1	20.3	21.6	23.0	24.2	25.6	26.9	28.2	29.6
3660.0	17.1	20.3	21.6	23.0	24.2	25.6	26.9	28.2	29.5
3670.0	17.1	20.3	21.6	23.0	24.2	25.6	26.9	28.2	29.5
3680.0	17.1	20.3	21.6	23.0	24.2	25.6	26.9	28.2	29.6
3690.0	17.1	20.3	21.6	23.0	24.2	25.6	26.9	28.2	29.6
3700.0	17.1	20.3	21.6	23.0	24.2	25.6	26.9	28.2	29.5
3710.0	17.1	20.3	21.6	23.0	24.2	25.6	26.9	28.2	29.6
3720.0	17.1	20.3	21.6	23.0	24.2	25.6	26.9	28.2	29.6
3730.0	17.1	20.3	21.6	23.0	24.2	25.6	26.9	28.2	29.6
3740.0	17.1	20.3	21.6	23.0	24.2	25.6	26.9	28.2	29.6
3750.0	17.1	20.3	21.6	23.0	24.2	25.6	26.9	28.2	29.6
3760.0	17.1	20.3	21.6	23.0	24.2	25.6	26.9	28.2	29.6
3770.0	17.1	20.4	21.6	23.0	24.2	25.6	26.9	28.2	29.6
3780.0	17.1	20.3	21.6	23.0	24.2	25.6	26.9	28.2	29.6
3790.0	17.1	20.3	21.6	23.0	24.2	25.6	26.9	28.2	29.6
3800.0	17.1	20.3	21.6	23.0	24.2	25.6	26.9	28.2	29.6
3810.0	17.1	20.3	21.6	23.0	24.2	25.6	26.9	28.2	29.6
3820.0	17.1	20.3	21.6	23.0	24.2	25.6	26.9	28.2	29.6
3830.0	17.1	20.3	21.6	23.0	24.2	25.6	26.9	28.2	29.6
3840.0	17.1	20.3	21.6	23.0	24.2	25.6	26.9	28.2	29.6
3850.0	17.1	20.3	21.6	23.0	24.2	25.6	26.9	28.2	29.6
3860.0	17.1	20.3	21.6	23.0	24.2	25.6	26.9	28.2	29.6
3870.0	17.0	20.3	21.6	23.0	24.2	25.6	26.9	28.2	29.6
3880.0	17.1	20.3	21.6	23.0	24.2	25.6	26.9	28.2	29.6
3890.0	17.1	20.3	21.6	23.0	24.2	25.6	26.9	28.2	29.6
3900.0	17.1	20.3	21.6	23.0	24.2	25.6	26.9	28.2	29.6
3910.0	17.1	20.3	21.6	23.0	24.2	25.6	26.9	28.2	29.6
3920.0	17.1	20.3	21.6	23.0	24.2	25.6	26.9	28.2	29.6
3930.0	17.1	20.3	21.6	23.0	24.2	25.6	26.9	28.2	29.6
3940.0	17.1	20.3	21.6	23.0	24.2	25.6	26.9	28.2	29.6
3950.0	17.1	20.3	21.6	23.0	24.2	25.6	26.9	28.2	29.6
3960.0	17.1	20.3	21.6	23.0	24.2	25.6	26.9	28.2	29.6
3970.0	17.1	20.3	21.6	23.0	24.2	25.6	26.9	28.2	29.6
3980.0	17.1	20.3	21.6	23.0	24.2	25.6	26.9	28.2	29.6
3990.0	17.1	20.3	21.6	23.0	24.2	25.6	26.9	28.2	29.6
4000.0	17.1	20.3	21.6	23.0	24.2	25.6	26.9	28.2	29.6
4010.0	17.1	20.3	21.6	23.0	24.2	25.6	26.9	28.2	29.6
4020.0	17.1	20.3	21.6	23.0	24.2	25.6	26.9	28.2	29.6
4030.0	17.1	20.3	21.6	23.0	24.2	25.6	26.9	28.2	29.6
4040.0	17.1	20.3	21.6	23.0	24.2	25.6	26.9	28.2	29.6
4050.0	17.1	20.3	21.6	23.0	24.2	25.6	26.9	28.2	29.6
4060.0	17.1	20.3	21.6	23.0	24.2	25.6	26.9	28.2	29.6
4070.0	17.1	20.3	21.6	23.0	24.2	25.6	26.9	28.2	29.6
4080.0	17.1	20.3	21.6	23.0	24.2	25.6	26.9	28.2	29.6
4090.0	17.1	20.3	21.6	23.0	24.2	25.6	26.9	28.2	29.6
4100.0	17.1	20.3	21.6	23.0	24.2	25.6	26.9	28.2	29.6
4110.0	17.1	20.3	21.6	23.0	24.2	25.6	26.9	28.2	29.6
4120.0	17.0	20.3	21.6	23.0	24.2	25.6	26.9	28.2	29.6
4130.0	17.0	20.3	21.6	23.0	24.2	25.6	26.9	28.2	29.6
4140.0	17.0	20.3	21.6	23.0	24.2	25.6	26.9	28.2	29.6
4150.0	17.0	20.3	21.6	23.0	24.2	25.6	26.9	28.2	29.6
4160.0	17.0	20.3	21.6	23.0	24.2	25.6	26.9	28.2	29.6
4170.0	17.0	20.3	21.6	23.0	24.2	25.6	26.9	28.2	29.6
4180.0	17.1	20.3	21.6	23.0	24.2	25.6	26.9	28.2	29.6
4190.0	17.1	20.3	21.6	23.0	24.2	25.6	26.9	28.2	29.6
4200.0	17.1	20.3	21.6	23.0	24.2	25.6	26.9	28.2	29.6
4210.0	17.1	20.3	21.6	23.0	24.2	25.6	26.9	28.2	29.6
4220.0	17.1	20.3	21.6	23.0	24.2	25.6	26.9	28.2	29.6
4230.0	17.1	20.3	21.6	23.0	24.2	25.6	26.9	28.2	29.6
4240.0	17.1	20.3	21.6	23.0	24.2	25.6	26.9	28.2	29.6
4250.0	17.1	20.3	21.6	23.0	24.2	25.6	26.9	28.2	29.6
4260.0	17.1	20.3	21.6	23.0	24.2	25.6	26.9	28.2	29.6
4270.0	17.1	20.3	21.6	23.0	24.2	25.6	26.9	28.2	29.6
4280.0	17.1	20.3	21.6	23.0	24.2	25.6	26.9	28.2	29.6
4290.0	17.1	20.3	21.6	23.0	24.2	25.6	26.9	28.2	29.6
4300.0	17.1	20.3	21.6	23.0	24.2	25.6	26.9	28.2	29.6
4310.0	17.1	20.3	21.6	23.0	24.2	25.6	26.9	28.2	29.6
4320.0	17.1	20.3	21.6	23.0	24.2	25.6	26.9	28.2	29.6
4330.0	17.0	20.3	21.6	23.0	24.2	25.6	26.9	28.2	29.6
4340.0	17.1	20.3	21.6	23.0	24.2	25.6	26.9	28.2	29.6
4350.0	17.1	20.3	21.6	23.0	24.2	25.6	26.9	28.2	29.6
4360.0	17.1	20.3	21.6	23.0	24.2	25.6	26.9	28.2	29.6
4370.0	17.0	20.3	21.6	23.0	24.2	25.6	26.9	28.2	29.6
4380.0	17.0	20.3	21.6	23.0	24.2	25.6	26.9	28.2	29.6
4390.0	17.0	20.3	21.6	23.0	24.2	25.6	26.9	28.2	29.6
4400.0	17.0	20.3	21.6	23.0	24.2	25.6	26.9	28.2	29.6
4410.0	17.0	20.3	21.6	23.0	24.2	25.6	26.9	28.2	29.6
4420.0	17.0	20.3	21.6	23.0	24.2	25.6	26.9	28.2	29.6
4430.0	17.1	20.3	21.6	23.0	24.2	25.6	26.9	28.2	29.6
4440.0	17.1	20.3	21.6	23.0	24.2	25.6	26.9	28.2	29.6
4450.0	17.1	20.3	21.6	23.0	24.2	25.6	26.9	28.2	29.6
4460.0	17.1	20.3	21.6	23.0	24.2	25.6	26.9	28.2	29.6
4470.0	17.1	20.3	21.6	23.0	24.2	25.6	26.9	28.2	29.6
4480.0	17.1	20.3	21.6	23.0	24.2	25.6	26.9	28.2	29.6
4490.0	17.0	20.3	21.6	23.0	24.2	25.6	26.9	28.2	29.6
4500.0	17.1	20.3	21.6	23.0	24.2	25.6	26.9	28.2	29.6
4510.0	17.0	20.3	21.6	23.0	24.2	25.6	26.9	28.2	29.6
4520.0	17.0	20.3	21.6	23.0	24.2	25.6	26.9	28.2	29.6
4530.0	17.0	20.3	21.6	23.0	24.2	25.6	26.9	28.2	29.6
4540.0	17.0	20.3	21.6	23.0	24.2	25.6	26.9	28.2	29.6
4550.0	17.0	20.3	21.5	23.0	24.2	25.6	26.9	28.2	29.6
4560.0	17.0	20.3	21.6	23.0	24.2	25.6	26.9	28.2	29.6
4570.0	17.0	20.3	21.6	23.0	24.2	25.6	26.9	28.2	29.6
4580.0	17.0	20.3	21.5	22.9	24.2	25.6	26.9	28.2	29.6
4590.0	17.0	20.3	21.5	23.0	24.2	25.6	26.9	28.2	29.6
4600.0	17.0	20.3	21.5	23.0	24.2	25.6	26.9	28.2	29.6
4610.0	17.0	20.3	21.5	22.9	24.2	25.6	26.9	28.2	29.6
4620.0	17.0	20.3	21.5	23.0	24.2	25.6	26.9	28.2	29.6
4630.0	17.0	20.3	21.5	22.9	24.2	25.6	26.9	28.2	29.6
4640.0	17.0	20.3	21.6	22.9	24.2	25.6	26.9	28.2	29.6
4650.0	17.0	20.3	21.6	23.0	24.2	25.6	26.9	28.2	29.6
4660.0	17.0	20.3	21.6	23.0	24.2	25.6	26.9	28.2	29.6
4670.0	17.0	20.3	21.5	23.0	24.2	25.6	26.9	28.2	29.6
4680.0	17.0	20.3	21.6	22.9	24.2	25.6	26.9	28.2	29.6
4690.0	17.0	20.3	21.6	23.0	24.2	25.6	26.9	28.2	29.6
4700.0	17.0	20.3	21.6	23.0	24.2	25.6	26.9	28.2	29.6
4710.0	17.0	20.3	21.6	23.0	24.2	25.6	26.9	28.2	29.6
4720.0	17.0	20.3	21.6	23.0	24.2	25.6	26.9	28.2	29.6
4730.0	17.0	20.3	21.6	23.0	24.2	25.6	26.9	28.2	29.6
4740.0	17.0	20.3	21.6	23.0	24.2	25.6	26.9	28.2	29.6
4750.0	17.0	20.3	21.6	23.0	24.2	25.6	26.9	28.2	29.6
4760.0	17.0	20.3	21.6	23.0	24.2	25.6	26.9	28.2	29.6
4770.0	17.0	20.3	21.5	22.9	24.2	25.6	26.9	28.2	29.6
4780.0	17.0	20.3	21.5	22.9	24.2	25.6	26.9	28.2	29.6
4790.0	17.0	20.3	21.5	23.0	24.2	25.6	26.9	28.2	29.6
4800.0	17.0	20.3	21.5	22.9	24.2	25.6	26.9	28.2	29.6
4810.0	17.0	20.2	21.5	22.9	24.2	25.6	26.9	28.2	29.6
4820.0	16.9	20.2	21.5	22.9	24.2	25.6	26.9	28.2	29.6
4830.0	16.9	20.2	21.5	22.9	24.2	25.6	26.9	28.2	29.6
4840.0	17.0	20.2	21.5	22.9	24.2	25.6	26.9	28.2	29.6
4850.0	17.0	20.2	21.5	22.9	24.2	25.6	26.9	28.2	29.6
4860.0	17.0	20.2	21.5	22.9	24.2	25.6	26.9	28.2	29.6
4870.0	17.0	20.2	21.5	22.9	24.2	25.6	26.9	28.2	29.6
4880.0	17.0	20.2	21.5	22.9	24.2	25.6	26.9	28.2	29.6
4890.0	17.0	20.2	21.5	22.9	24.2	25.6	26.9	28.2	29.5
