%Time[s]	CH0[°C]	CH1[°C]	CH2[°C]	CH3[°C]	CH4[°C]	CH5[°C]	CH6[°C]	CH7[°C]	CH8[°C]
0.0	17.8	17.5	17.8	18.0	18.3	18.4	18.7	18.8	18.9
10.0	17.8	17.5	17.8	18.1	18.3	18.5	18.7	18.8	18.9
20.0	17.8	17.5	17.8	18.0	18.3	18.4	18.7	18.8	18.9
30.0	17.8	17.5	17.8	18.0	18.3	18.4	18.7	18.8	18.9
40.0	17.8	17.5	17.8	18.0	18.2	18.4	18.7	18.8	18.9
50.0	17.8	17.5	17.8	18.0	18.3	18.5	18.7	18.8	18.9
60.0	17.8	17.5	17.8	18.1	18.3	18.5	18.7	18.8	18.9
70.0	17.8	17.5	17.8	18.0	18.3	18.5	18.7	18.8	18.9
80.0	17.8	17.5	17.8	18.0	18.3	18.4	18.7	18.8	18.9
90.0	17.8	17.5	17.8	18.0	18.2	18.4	18.7	18.8	18.9
100.0	17.8	17.5	17.8	18.0	18.3	18.4	18.7	18.8	18.9
110.0	17.8	17.5	17.8	18.0	18.3	18.4	18.7	18.8	18.9
120.0	17.8	17.5	17.8	18.0	18.3	18.4	18.7	18.8	18.9
130.0	17.7	17.5	17.8	18.0	18.3	18.4	18.7	18.8	18.9
140.0	17.7	17.5	17.8	18.0	18.3	18.4	18.7	18.8	18.9
150.0	17.8	17.5	17.8	18.0	18.2	18.4	18.7	18.8	18.9
160.0	17.8	17.5	17.8	18.0	18.2	18.4	18.7	18.8	18.9
170.0	17.8	17.5	17.8	18.0	18.2	18.4	18.7	18.8	18.9
180.0	17.7	17.5	17.8	18.0	18.2	18.4	18.7	18.8	18.9
190.0	17.8	17.5	17.8	18.0	18.3	18.4	18.7	18.8	18.9
200.0	17.8	17.5	17.8	18.0	18.2	18.4	18.7	18.8	18.9
210.0	17.8	17.5	17.8	18.0	18.2	18.4	18.7	18.8	18.9
220.0	17.8	17.5	17.8	18.0	18.2	18.4	18.7	18.8	18.9
230.0	17.8	17.5	17.8	18.0	18.2	18.4	18.7	18.8	18.9
240.0	17.8	17.5	17.8	18.0	18.3	18.4	18.7	18.8	18.9
250.0	17.8	17.5	17.8	18.0	18.3	18.4	18.7	18.8	18.9
260.0	17.8	17.5	17.8	18.0	18.2	18.4	18.7	18.8	18.9
270.0	17.8	17.5	17.8	18.0	18.2	18.4	18.7	18.8	18.9
280.0	17.8	17.5	17.8	18.0	18.2	18.4	18.7	18.8	18.9
290.0	17.8	17.5	17.8	18.0	18.2	18.4	18.7	18.8	18.9
300.0	17.8	17.5	17.8	18.0	18.2	18.4	18.7	18.8	18.9
310.0	17.8	17.5	17.8	18.0	18.2	18.4	18.7	18.8	18.9
320.0	17.8	17.5	17.8	18.0	18.2	18.4	18.7	18.8	18.9
330.0	17.8	17.5	17.8	18.0	18.2	18.4	18.7	18.8	18.9
340.0	17.7	17.5	17.8	18.0	18.2	18.4	18.7	18.8	18.9
350.0	17.8	17.5	17.8	18.0	18.3	18.4	18.7	18.8	18.9
360.0	17.8	17.5	17.8	18.0	18.2	18.4	18.7	18.8	19.0
370.0	17.8	17.5	17.8	18.0	18.2	18.4	18.7	18.8	19.0
380.0	17.7	17.5	17.8	18.0	18.2	18.4	18.7	18.8	19.1
390.0	17.7	17.5	17.8	18.0	18.3	18.4	18.7	18.8	19.1
400.0	17.7	17.5	17.8	18.0	18.2	18.4	18.7	18.8	19.2
410.0	17.7	17.5	17.8	18.0	18.2	18.4	18.7	18.9	19.2
420.0	17.7	17.5	17.8	18.0	18.2	18.4	18.7	18.9	19.3
430.0	17.7	17.5	17.8	18.0	18.2	18.4	18.7	18.9	19.4
440.0	17.7	17.5	17.8	18.0	18.2	18.5	18.7	19.0	19.5
450.0	17.7	17.5	17.8	18.0	18.3	18.5	18.8	19.0	19.6
460.0	17.7	17.5	17.8	18.0	18.3	18.5	18.8	19.1	19.7
470.0	17.7	17.5	17.8	18.0	18.2	18.5	18.8	19.1	19.8
480.0	17.8	17.5	17.8	18.0	18.3	18.5	18.8	19.2	20.0
490.0	17.8	17.5	17.8	18.0	18.3	18.5	18.9	19.3	20.1
500.0	17.8	17.5	17.8	18.0	18.3	18.5	18.9	19.4	20.2
510.0	17.8	17.5	17.8	18.0	18.3	18.6	18.9	19.4	20.3
520.0	17.7	17.5	17.8	18.0	18.3	18.6	19.0	19.5	20.5
530.0	17.7	17.5	17.8	18.1	18.3	18.6	19.0	19.6	20.6
540.0	17.7	17.5	17.8	18.1	18.3	18.6	19.1	19.7	20.7
550.0	17.8	17.5	17.8	18.1	18.3	18.7	19.1	19.8	20.9
560.0	17.8	17.5	17.8	18.1	18.4	18.7	19.2	19.9	21.0
570.0	17.8	17.5	17.8	18.1	18.4	18.7	19.2	20.0	21.1
580.0	17.8	17.5	17.8	18.1	18.4	18.8	19.3	20.0	21.3
590.0	17.8	17.5	17.8	18.1	18.4	18.8	19.3	20.1	21.4
600.0	17.8	17.5	17.8	18.1	18.5	18.9	19.4	20.2	21.6
610.0	17.8	17.5	17.8	18.1	18.5	18.9	19.5	20.3	21.7
620.0	17.8	17.5	17.8	18.2	18.5	18.9	19.5	20.4	21.8
630.0	17.8	17.5	17.9	18.2	18.5	19.0	19.6	20.5	22.0
640.0	17.8	17.5	17.9	18.2	18.6	19.0	19.7	20.6	22.1
650.0	17.8	17.5	17.9	18.2	18.6	19.1	19.7	20.7	22.3
660.0	17.8	17.5	17.9	18.2	18.6	19.1	19.8	20.8	22.4
670.0	17.8	17.5	17.9	18.2	18.7	19.2	19.9	20.9	22.5
680.0	17.8	17.5	17.9	18.3	18.7	19.2	20.0	21.0	22.7
690.0	17.8	17.6	17.9	18.3	18.7	19.3	20.0	21.2	22.8
700.0	17.8	17.6	17.9	18.3	18.8	19.3	20.1	21.3	23.0
710.0	17.8	17.6	17.9	18.3	18.8	19.4	20.2	21.4	23.1
720.0	17.8	17.6	18.0	18.4	18.8	19.5	20.3	21.5	23.2
730.0	17.8	17.6	18.0	18.4	18.9	19.5	20.3	21.6	23.4
740.0	17.8	17.6	18.0	18.4	18.9	19.6	20.4	21.7	23.5
750.0	17.8	17.6	18.0	18.4	18.9	19.6	20.5	21.8	23.6
760.0	17.8	17.6	18.0	18.5	19.0	19.7	20.6	21.9	23.8
770.0	17.8	17.6	18.0	18.5	19.0	19.8	20.7	22.0	23.9
780.0	17.8	17.6	18.0	18.5	19.1	19.8	20.7	22.1	24.1
790.0	17.8	17.7	18.1	18.5	19.1	19.9	20.8	22.2	24.2
800.0	17.8	17.7	18.1	18.6	19.2	20.0	20.9	22.3	24.3
810.0	17.9	17.7	18.1	18.6	19.2	20.0	21.0	22.5	24.5
820.0	17.8	17.7	18.1	18.6	19.3	20.1	21.1	22.6	24.6
830.0	17.8	17.7	18.2	18.7	19.3	20.1	21.1	22.7	24.7
840.0	17.8	17.7	18.2	18.7	19.4	20.2	21.3	22.8	24.9
850.0	17.8	17.8	18.2	18.8	19.4	20.3	21.3	22.9	25.0
860.0	17.8	17.8	18.2	18.8	19.5	20.4	21.4	23.0	25.1
870.0	17.8	17.8	18.3	18.8	19.5	20.4	21.5	23.1	25.3
880.0	17.8	17.8	18.3	18.9	19.6	20.5	21.6	23.2	25.4
890.0	17.8	17.8	18.3	18.9	19.6	20.6	21.7	23.3	25.5
900.0	17.8	17.8	18.3	18.9	19.7	20.6	21.8	23.4	25.6
910.0	17.8	17.9	18.4	19.0	19.7	20.7	21.9	23.5	25.8
920.0	17.8	17.9	18.4	19.0	19.8	20.8	21.9	23.6	25.9
930.0	17.8	17.9	18.4	19.1	19.8	20.8	22.0	23.8	26.0
940.0	17.7	17.9	18.4	19.1	19.9	20.9	22.1	23.9	26.2
950.0	17.7	17.9	18.5	19.2	19.9	21.0	22.2	24.0	26.3
960.0	17.7	17.9	18.5	19.2	20.0	21.1	22.3	24.1	26.4
970.0	17.7	18.0	18.5	19.2	20.1	21.1	22.4	24.2	26.5
980.0	17.7	18.0	18.6	19.3	20.1	21.2	22.5	24.3	26.7
990.0	17.7	18.0	18.6	19.3	20.2	21.3	22.5	24.4	26.8
1000.0	17.7	18.0	18.6	19.4	20.2	21.3	22.6	24.5	26.9
1010.0	17.7	18.0	18.6	19.4	20.3	21.4	22.7	24.6	27.0
1020.0	17.7	18.0	18.7	19.4	20.4	21.5	22.8	24.7	27.2
1030.0	17.7	18.1	18.7	19.5	20.4	21.6	22.9	24.8	27.3
1040.0	17.8	18.1	18.7	19.5	20.5	21.6	23.0	24.9	27.4
1050.0	17.8	18.1	18.8	19.6	20.5	21.7	23.1	25.0	27.5
1060.0	17.8	18.1	18.8	19.6	20.6	21.8	23.2	25.1	27.6
1070.0	17.8	18.1	18.8	19.7	20.6	21.9	23.2	25.2	27.7
1080.0	17.8	18.2	18.9	19.7	20.7	21.9	23.3	25.3	27.9
1090.0	17.8	18.2	18.9	19.7	20.8	22.0	23.4	25.5	28.0
1100.0	17.8	18.2	18.9	19.8	20.8	22.1	23.5	25.5	28.1
1110.0	17.8	18.2	19.0	19.9	20.9	22.2	23.6	25.6	28.2
1120.0	17.8	18.3	19.0	19.9	20.9	22.2	23.7	25.8	28.4
1130.0	17.7	18.3	19.0	19.9	21.0	22.3	23.8	25.9	28.5
1140.0	17.7	18.3	19.1	20.0	21.1	22.4	23.8	26.0	28.6
1150.0	17.8	18.4	19.1	20.0	21.1	22.5	23.9	26.1	28.7
1160.0	17.8	18.4	19.1	20.1	21.2	22.5	24.0	26.2	28.8
1170.0	17.8	18.4	19.2	20.1	21.2	22.6	24.1	26.3	28.9
1180.0	17.8	18.4	19.2	20.2	21.3	22.7	24.2	26.4	29.0
1190.0	17.8	18.4	19.2	20.2	21.4	22.7	24.3	26.4	29.2
1200.0	17.8	18.5	19.3	20.3	21.4	22.8	24.4	26.6	29.3
1210.0	17.8	18.5	19.3	20.3	21.5	22.9	24.4	26.7	29.4
1220.0	17.8	18.5	19.3	20.4	21.5	23.0	24.5	26.8	29.5
1230.0	17.8	18.5	19.4	20.4	21.6	23.0	24.6	26.8	29.6
1240.0	17.8	18.6	19.4	20.5	21.6	23.1	24.7	26.9	29.7
1250.0	17.8	18.6	19.4	20.5	21.7	23.2	24.8	27.0	29.8
1260.0	17.8	18.6	19.5	20.6	21.8	23.3	24.9	27.1	29.9
1270.0	17.8	18.6	19.5	20.6	21.8	23.3	25.0	27.2	30.0
1280.0	17.8	18.7	19.6	20.7	21.9	23.4	25.0	27.3	30.1
1290.0	17.9	18.7	19.6	20.7	22.0	23.5	25.1	27.4	30.2
1300.0	17.9	18.7	19.6	20.8	22.0	23.5	25.2	27.5	30.3
1310.0	17.8	18.7	19.7	20.8	22.1	23.6	25.3	27.6	30.5
1320.0	17.8	18.8	19.7	20.9	22.1	23.7	25.4	27.7	30.6
1330.0	17.8	18.8	19.7	20.9	22.2	23.8	25.5	27.8	30.7
1340.0	17.8	18.8	19.8	21.0	22.3	23.8	25.5	27.9	30.8
1350.0	17.8	18.8	19.8	21.0	22.3	23.9	25.6	28.0	30.9
1360.0	17.8	18.9	19.9	21.0	22.4	24.0	25.7	28.1	31.0
1370.0	17.8	18.9	19.9	21.1	22.4	24.1	25.8	28.2	31.1
1380.0	17.8	18.9	19.9	21.1	22.5	24.1	25.9	28.3	31.2
1390.0	17.8	19.0	20.0	21.2	22.5	24.2	25.9	28.4	31.3
1400.0	17.8	19.0	20.0	21.2	22.6	24.3	26.0	28.5	31.4
1410.0	17.9	19.0	20.0	21.3	22.7	24.3	26.1	28.5	31.5
1420.0	17.9	19.0	20.1	21.3	22.7	24.4	26.2	28.6	31.6
1430.0	17.9	19.1	20.1	21.4	22.8	24.5	26.3	28.7	31.7
1440.0	17.9	19.1	20.2	21.4	22.9	24.6	26.3	28.8	31.8
1450.0	17.9	19.1	20.2	21.5	22.9	24.6	26.4	28.9	31.9
1460.0	17.9	19.2	20.2	21.5	23.0	24.7	26.5	29.0	32.0
1470.0	17.9	19.2	20.3	21.6	23.0	24.8	26.6	29.1	32.1
1480.0	17.9	19.2	20.3	21.6	23.1	24.8	26.7	29.2	32.2
1490.0	17.9	19.3	20.4	21.7	23.2	24.9	26.7	29.3	32.3
1500.0	17.9	19.3	20.4	21.7	23.2	25.0	26.8	29.4	32.4
1510.0	17.9	19.3	20.4	21.8	23.3	25.0	26.9	29.4	32.5
1520.0	17.9	19.3	20.5	21.8	23.3	25.1	27.0	29.5	32.5
1530.0	17.9	19.4	20.5	21.9	23.4	25.2	27.0	29.6	32.6
1540.0	17.9	19.4	20.5	21.9	23.4	25.2	27.1	29.7	32.7
1550.0	17.9	19.4	20.6	22.0	23.5	25.3	27.2	29.8	32.8
1560.0	17.9	19.4	20.6	22.0	23.6	25.4	27.3	29.9	32.9
1570.0	17.9	19.5	20.6	22.1	23.6	25.4	27.3	29.9	33.0
1580.0	17.9	19.5	20.7	22.1	23.7	25.5	27.4	30.0	33.1
1590.0	17.9	19.5	20.7	22.2	23.7	25.6	27.5	30.1	33.2
1600.0	17.9	19.5	20.8	22.2	23.8	25.7	27.6	30.2	33.3
1610.0	17.9	19.6	20.8	22.3	23.9	25.7	27.6	30.3	33.4
1620.0	17.9	19.6	20.8	22.3	23.9	25.8	27.7	30.4	33.5
1630.0	17.9	19.6	20.9	22.4	24.0	25.9	27.8	30.5	33.6
1640.0	17.9	19.7	20.9	22.4	24.0	25.9	27.9	30.5	33.7
1650.0	17.9	19.7	20.9	22.5	24.1	26.0	27.9	30.6	33.8
1660.0	17.9	19.7	21.0	22.5	24.1	26.0	28.0	30.7	33.8
1670.0	17.9	19.7	21.0	22.5	24.2	26.1	28.1	30.8	33.9
1680.0	17.9	19.8	21.0	22.6	24.2	26.2	28.1	30.9	34.0
1690.0	17.9	19.8	21.1	22.6	24.3	26.2	28.2	30.9	34.1
1700.0	17.9	19.8	21.1	22.7	24.4	26.3	28.3	31.0	34.2
1710.0	17.9	19.8	21.2	22.7	24.4	26.4	28.4	31.1	34.3
1720.0	17.9	19.9	21.2	22.8	24.5	26.4	28.4	31.2	34.4
1730.0	18.0	19.9	21.2	22.8	24.5	26.5	28.5	31.3	34.4
1740.0	17.9	19.9	21.3	22.9	24.6	26.6	28.6	31.3	34.5
1750.0	17.9	19.9	21.3	22.9	24.6	26.6	28.6	31.4	34.6
1760.0	17.9	20.0	21.3	22.9	24.7	26.7	28.7	31.5	34.7
1770.0	17.9	20.0	21.4	23.0	24.7	26.8	28.8	31.6	34.8
1780.0	17.9	20.0	21.4	23.0	24.8	26.8	28.8	31.6	34.9
1790.0	17.9	20.0	21.4	23.1	24.8	26.9	28.9	31.7	34.9
1800.0	17.9	20.1	21.5	23.1	24.9	26.9	29.0	31.8	35.0
1810.0	17.9	20.1	21.5	23.2	24.9	27.0	29.1	31.9	35.1
1820.0	17.9	20.1	21.5	23.2	25.0	27.1	29.1	31.9	35.2
1830.0	17.9	20.1	21.6	23.2	25.0	27.1	29.2	32.0	35.3
1840.0	17.9	20.2	21.6	23.3	25.1	27.2	29.3	32.1	35.3
1850.0	17.9	20.2	21.6	23.4	25.2	27.3	29.3	32.2	35.4
1860.0	17.9	20.2	21.7	23.4	25.2	27.3	29.4	32.2	35.5
1870.0	17.9	20.2	21.7	23.4	25.3	27.4	29.5	32.3	35.6
1880.0	17.9	20.2	21.7	23.5	25.3	27.4	29.5	32.4	35.7
1890.0	17.9	20.3	21.8	23.5	25.4	27.5	29.6	32.5	35.8
1900.0	17.9	20.3	21.8	23.6	25.4	27.6	29.6	32.5	35.8
1910.0	17.9	20.3	21.8	23.6	25.5	27.6	29.7	32.6	35.9
1920.0	17.9	20.4	21.9	23.6	25.5	27.7	29.8	32.7	36.0
1930.0	17.9	20.4	21.9	23.7	25.6	27.7	29.8	32.7	36.1
1940.0	17.9	20.4	21.9	23.7	25.6	27.8	29.9	32.8	36.1
1950.0	17.9	20.4	22.0	23.8	25.7	27.8	30.0	32.9	36.2
1960.0	17.9	20.5	22.0	23.8	25.7	27.9	30.0	33.0	36.3
1970.0	17.9	20.5	22.0	23.8	25.8	27.9	30.1	33.0	36.4
1980.0	17.9	20.5	22.0	23.9	25.8	28.0	30.2	33.1	36.4
1990.0	17.9	20.5	22.1	23.9	25.9	28.1	30.2	33.2	36.5
2000.0	17.9	20.6	22.1	24.0	25.9	28.1	30.3	33.2	36.6
2010.0	18.0	20.6	22.2	24.0	26.0	28.2	30.4	33.3	36.7
2020.0	17.9	20.6	22.2	24.0	26.0	28.2	30.4	33.4	36.7
2030.0	18.0	20.6	22.2	24.1	26.1	28.3	30.5	33.4	36.8
2040.0	17.9	20.6	22.2	24.1	26.1	28.3	30.5	33.5	36.9
2050.0	17.9	20.7	22.3	24.2	26.2	28.4	30.6	33.6	37.0
2060.0	17.9	20.7	22.3	24.2	26.2	28.5	30.7	33.7	37.0
2070.0	17.9	20.7	22.3	24.2	26.2	28.5	30.7	33.7	37.1
2080.0	17.9	20.7	22.4	24.3	26.3	28.6	30.8	33.8	37.2
2090.0	17.9	20.7	22.4	24.3	26.3	28.6	30.8	33.8	37.2
2100.0	17.9	20.8	22.4	24.4	26.4	28.7	30.9	33.9	37.3
2110.0	17.9	20.8	22.5	24.4	26.4	28.7	31.0	34.0	37.4
2120.0	17.9	20.8	22.5	24.4	26.5	28.8	31.0	34.0	37.4
2130.0	18.0	20.8	22.5	24.5	26.5	28.8	31.1	34.1	37.5
2140.0	17.9	20.9	22.5	24.5	26.6	28.9	31.1	34.2	37.6
2150.0	17.9	20.9	22.6	24.6	26.6	28.9	31.2	34.2	37.7
2160.0	17.9	20.9	22.6	24.6	26.7	29.0	31.2	34.3	37.7
2170.0	17.9	20.9	22.6	24.6	26.7	29.0	31.3	34.4	37.8
2180.0	17.9	20.9	22.7	24.7	26.7	29.1	31.4	34.4	37.9
2190.0	17.9	21.0	22.7	24.7	26.8	29.1	31.4	34.5	37.9
2200.0	17.9	21.0	22.7	24.8	26.8	29.2	31.5	34.5	38.0
2210.0	17.9	21.0	22.8	24.8	26.9	29.2	31.5	34.6	38.1
2220.0	17.9	21.0	22.8	24.8	26.9	29.3	31.6	34.7	38.1
2230.0	17.9	21.1	22.8	24.9	27.0	29.4	31.6	34.7	38.2
2240.0	17.9	21.1	22.8	24.9	27.0	29.4	31.7	34.8	38.3
2250.0	17.9	21.1	22.9	24.9	27.1	29.5	31.7	34.9	38.3
2260.0	17.9	21.1	22.9	25.0	27.1	29.5	31.8	34.9	38.4
2270.0	17.9	21.1	22.9	25.0	27.1	29.5	31.9	35.0	38.4
2280.0	17.9	21.2	23.0	25.1	27.2	29.6	31.9	35.0	38.5
2290.0	17.9	21.2	23.0	25.1	27.2	29.7	32.0	35.1	38.6
2300.0	17.9	21.2	23.0	25.1	27.3	29.7	32.0	35.2	38.6
2310.0	17.9	21.2	23.0	25.2	27.3	29.8	32.1	35.2	38.7
2320.0	17.9	21.2	23.1	25.2	27.4	29.8	32.1	35.3	38.8
2330.0	17.9	21.3	23.1	25.2	27.4	29.8	32.2	35.3	38.8
2340.0	17.9	21.3	23.1	25.3	27.5	29.9	32.2	35.4	38.9
2350.0	17.9	21.3	23.2	25.3	27.5	29.9	32.3	35.5	39.0
2360.0	17.9	21.3	23.2	25.3	27.5	30.0	32.3	35.5	39.0
2370.0	17.9	21.3	23.2	25.4	27.6	30.0	32.4	35.6	39.1
2380.0	17.9	21.4	23.2	25.4	27.6	30.1	32.5	35.6	39.2
2390.0	17.9	21.4	23.2	25.4	27.7	30.1	32.5	35.7	39.2
2400.0	18.0	21.4	23.3	25.5	27.7	30.2	32.6	35.7	39.3
2410.0	18.0	21.4	23.3	25.5	27.7	30.2	32.6	35.8	39.3
2420.0	18.0	21.5	23.3	25.5	27.8	30.3	32.7	35.9	39.4
2430.0	17.9	21.5	23.4	25.6	27.8	30.3	32.7	35.9	39.4
2440.0	18.0	21.5	23.4	25.6	27.9	30.4	32.8	36.0	39.5
2450.0	18.0	21.5	23.4	25.6	27.9	30.4	32.8	36.0	39.6
2460.0	18.0	21.5	23.4	25.7	27.9	30.5	32.8	36.1	39.6
2470.0	18.0	21.6	23.5	25.7	28.0	30.5	32.9	36.1	39.7
2480.0	18.0	21.6	23.5	25.7	28.0	30.6	33.0	36.2	39.8
2490.0	18.0	21.6	23.5	25.8	28.1	30.6	33.0	36.2	39.8
2500.0	18.0	21.6	23.5	25.8	28.1	30.6	33.0	36.3	39.8
2510.0	18.0	21.6	23.6	25.8	28.1	30.7	33.1	36.3	39.9
2520.0	18.0	21.6	23.6	25.9	28.2	30.7	33.2	36.4	40.0
2530.0	18.0	21.7	23.6	25.9	28.2	30.8	33.2	36.5	40.0
2540.0	18.0	21.7	23.7	25.9	28.3	30.8	33.2	36.5	40.1
2550.0	18.0	21.7	23.7	26.0	28.3	30.9	33.3	36.6	40.1
2560.0	18.0	21.7	23.7	26.0	28.3	30.9	33.3	36.6	40.2
2570.0	18.0	21.7	23.7	26.0	28.4	31.0	33.4	36.7	40.3
2580.0	18.0	21.8	23.7	26.1	28.4	31.0	33.4	36.7	40.3
2590.0	18.0	21.8	23.8	26.1	28.4	31.0	33.5	36.8	40.4
2600.0	18.0	21.8	23.8	26.1	28.5	31.1	33.5	36.8	40.4
2610.0	18.0	21.8	23.8	26.2	28.5	31.1	33.6	36.9	40.5
2620.0	18.0	21.8	23.9	26.2	28.6	31.2	33.6	36.9	40.5
2630.0	18.0	21.9	23.9	26.2	28.6	31.2	33.7	37.0	40.6
2640.0	18.0	21.9	23.9	26.2	28.6	31.2	33.7	37.0	40.6
2650.0	18.0	21.9	23.9	26.3	28.7	31.3	33.8	37.1	40.7
2660.0	18.0	21.9	23.9	26.3	28.7	31.3	33.8	37.1	40.7
2670.0	18.0	21.9	24.0	26.3	28.7	31.4	33.9	37.2	40.8
2680.0	18.0	21.9	24.0	26.4	28.8	31.4	33.9	37.2	40.8
2690.0	18.0	22.0	24.0	26.4	28.8	31.5	34.0	37.3	40.9
2700.0	18.0	22.0	24.0	26.4	28.8	31.5	34.0	37.3	41.0
2710.0	18.0	22.0	24.1	26.5	28.9	31.5	34.0	37.4	41.0
2720.0	18.0	22.0	24.1	26.5	28.9	31.6	34.1	37.4	41.1
2730.0	18.0	22.0	24.1	26.5	28.9	31.6	34.1	37.5	41.1
2740.0	18.0	22.0	24.1	26.5	29.0	31.7	34.2	37.5	41.2
2750.0	18.0	22.1	24.2	26.6	29.0	31.7	34.2	37.6	41.2
2760.0	18.0	22.1	24.2	26.6	29.0	31.7	34.3	37.6	41.3
2770.0	18.0	22.1	24.2	26.6	29.1	31.8	34.3	37.7	41.3
2780.0	18.0	22.1	24.2	26.7	29.1	31.8	34.3	37.7	41.4
2790.0	18.0	22.1	24.3	26.7	29.2	31.8	34.4	37.7	41.4
2800.0	18.0	22.1	24.3	26.7	29.2	31.9	34.4	37.8	41.5
2810.0	18.0	22.2	24.3	26.7	29.2	31.9	34.5	37.8	41.5
2820.0	18.0	22.2	24.3	26.8	29.3	32.0	34.5	37.9	41.6
2830.0	18.0	22.2	24.3	26.8	29.3	32.0	34.5	37.9	41.6
2840.0	18.0	22.2	24.4	26.8	29.3	32.0	34.6	38.0	41.7
2850.0	18.1	22.2	24.4	26.9	29.4	32.1	34.6	38.0	41.7
2860.0	18.0	22.2	24.4	26.9	29.4	32.1	34.7	38.1	41.8
2870.0	18.1	22.3	24.4	26.9	29.4	32.2	34.7	38.1	41.8
2880.0	18.1	22.3	24.4	26.9	29.4	32.2	34.8	38.2	41.9
2890.0	18.1	22.3	24.5	27.0	29.5	32.2	34.8	38.2	41.9
2900.0	18.1	22.3	24.5	27.0	29.5	32.3	34.8	38.2	42.0
2910.0	18.1	22.3	24.5	27.0	29.5	32.3	34.9	38.3	42.0
2920.0	18.1	22.3	24.5	27.1	29.6	32.3	34.9	38.3	42.0
2930.0	18.1	22.4	24.6	27.1	29.6	32.4	35.0	38.4	42.1
2940.0	18.1	22.4	24.6	27.1	29.6	32.4	35.0	38.4	42.1
2950.0	18.1	22.4	24.6	27.1	29.7	32.5	35.0	38.5	42.2
2960.0	18.1	22.4	24.6	27.1	29.7	32.5	35.1	38.5	42.2
2970.0	18.1	22.4	24.6	27.2	29.7	32.5	35.1	38.6	42.3
2980.0	18.1	22.4	24.7	27.2	29.8	32.6	35.2	38.6	42.3
2990.0	18.1	22.5	24.7	27.2	29.8	32.6	35.2	38.6	42.4
3000.0	18.1	22.5	24.7	27.3	29.8	32.6	35.2	38.7	42.4
3010.0	18.1	22.5	24.7	27.3	29.9	32.7	35.3	38.7	42.5
3020.0	18.1	22.5	24.7	27.3	29.9	32.7	35.3	38.8	42.5
3030.0	18.1	22.5	24.8	27.3	29.9	32.7	35.3	38.8	42.5
3040.0	18.1	22.5	24.8	27.4	30.0	32.8	35.4	38.9	42.6
3050.0	18.1	22.5	24.8	27.4	30.0	32.8	35.4	38.9	42.6
3060.0	18.1	22.6	24.8	27.4	30.0	32.8	35.5	38.9	42.7
3070.0	18.1	22.6	24.8	27.4	30.0	32.9	35.5	39.0	42.7
3080.0	18.1	22.6	24.9	27.5	30.1	32.9	35.5	39.0	42.8
3090.0	18.1	22.6	24.9	27.5	30.1	32.9	35.6	39.0	42.8
3100.0	18.1	22.6	24.9	27.5	30.1	33.0	35.6	39.1	42.8
3110.0	18.1	22.6	24.9	27.6	30.2	33.0	35.6	39.1	42.9
3120.0	18.1	22.6	24.9	27.6	30.2	33.0	35.7	39.2	42.9
3130.0	18.1	22.7	25.0	27.6	30.2	33.1	35.7	39.2	43.0
3140.0	18.1	22.7	25.0	27.6	30.2	33.1	35.8	39.3	43.0
3150.0	18.1	22.7	25.0	27.6	30.3	33.1	35.8	39.3	43.1
3160.0	18.2	22.7	25.0	27.7	30.3	33.2	35.8	39.3	43.1
3170.0	18.1	22.7	25.0	27.7	30.3	33.2	35.9	39.4	43.1
3180.0	18.1	22.7	25.1	27.7	30.4	33.2	35.9	39.4	43.2
3190.0	18.1	22.8	25.1	27.7	30.4	33.3	35.9	39.4	43.2
3200.0	18.1	22.8	25.1	27.8	30.4	33.3	36.0	39.5	43.3
3250.0	18.1	22.8	25.2	27.9	30.6	33.5	36.1	39.7	43.5
3260.0	18.1	22.9	25.2	27.9	30.6	33.5	36.2	39.7	43.5
3270.0	18.1	22.9	25.2	27.9	30.6	33.5	36.2	39.7	43.5
3280.0	18.1	22.9	25.3	28.0	30.6	33.6	36.2	39.8	43.6
3290.0	18.1	22.9	25.3	28.0	30.7	33.6	36.3	39.8	43.6
3300.0	18.1	22.9	25.3	28.0	30.7	33.6	36.3	39.9	43.7
3310.0	18.1	22.9	25.3	28.0	30.7	33.6	36.3	39.9	43.7
3320.0	18.1	22.9	25.3	28.0	30.7	33.7	36.4	39.9	43.7
3330.0	18.1	22.9	25.3	28.1	30.8	33.7	36.4	40.0	43.8
3340.0	18.1	23.0	25.3	28.1	30.8	33.7	36.4	40.0	43.8
3350.0	18.1	23.0	25.4	28.1	30.8	33.8	36.5	40.0	43.9
3360.0	18.1	23.0	25.4	28.1	30.8	33.8	36.5	40.1	43.9
3370.0	18.1	23.0	25.4	28.1	30.9	33.8	36.5	40.1	43.9
3380.0	18.1	23.0	25.4	28.2	30.9	33.9	36.6	40.1	44.0
3390.0	18.1	23.0	25.4	28.2	30.9	33.9	36.6	40.2	44.0
3400.0	18.1	23.0	25.4	28.2	30.9	33.9	36.6	40.2	44.0
3410.0	18.1	23.0	25.5	28.2	31.0	33.9	36.7	40.2	44.1
3420.0	18.1	23.1	25.5	28.2	31.0	34.0	36.7	40.3	44.1
3430.0	18.1	23.1	25.5	28.3	31.0	34.0	36.7	40.3	44.2
3440.0	18.1	23.1	25.5	28.3	31.0	34.0	36.7	40.3	44.2
3450.0	18.1	23.1	25.5	28.3	31.1	34.0	36.8	40.4	44.2
3460.0	18.2	23.1	25.6	28.3	31.1	34.1	36.8	40.4	44.3
3470.0	18.2	23.1	25.6	28.4	31.1	34.1	36.8	40.4	44.3
3480.0	18.2	23.1	25.6	28.4	31.1	34.1	36.9	40.5	44.3
3490.0	18.2	23.2	25.6	28.4	31.2	34.2	36.9	40.5	44.4
3500.0	18.2	23.2	25.6	28.4	31.2	34.2	36.9	40.5	44.4
3510.0	18.2	23.2	25.6	28.4	31.2	34.2	37.0	40.6	44.4
3520.0	18.2	23.2	25.7	28.5	31.2	34.3	37.0	40.6	44.5
3530.0	18.2	23.2	25.7	28.5	31.3	34.3	37.0	40.6	44.5
3540.0	18.2	23.2	25.7	28.5	31.3	34.3	37.1	40.7	44.6
3550.0	18.2	23.2	25.7	28.5	31.3	34.3	37.1	40.7	44.6
3560.0	18.2	23.2	25.7	28.5	31.3	34.4	37.1	40.7	44.6
3570.0	18.1	23.2	25.7	28.6	31.4	34.4	37.1	40.8	44.7
3580.0	18.1	23.3	25.8	28.6	31.4	34.4	37.2	40.8	44.7
3590.0	18.1	23.3	25.8	28.6	31.4	34.4	37.2	40.8	44.7
3600.0	18.1	23.3	25.8	28.6	31.4	34.5	37.2	40.9	44.7
3610.0	18.1	23.3	25.8	28.6	31.4	34.5	37.3	40.9	44.8
3620.0	18.1	23.3	25.8	28.7	31.5	34.5	37.3	40.9	44.8
3630.0	18.1	23.3	25.8	28.7	31.5	34.5	37.3	40.9	44.8
3640.0	18.1	23.3	25.8	28.7	31.5	34.6	37.3	41.0	44.9
3650.0	18.1	23.3	25.9	28.7	31.6	34.6	37.4	41.0	44.9
3660.0	18.2	23.3	25.9	28.7	31.6	34.6	37.4	41.0	44.9
3670.0	18.1	23.4	25.9	28.8	31.6	34.6	37.4	41.1	45.0
3680.0	18.1	23.3	25.9	28.8	31.6	34.7	37.4	41.1	45.0
3690.0	18.1	23.4	25.9	28.8	31.6	34.7	37.5	41.1	45.0
3700.0	18.1	23.4	25.9	28.8	31.7	34.7	37.5	41.2	45.1
3710.0	18.1	23.4	25.9	28.8	31.7	34.7	37.5	41.2	45.1
3720.0	18.1	23.4	26.0	28.8	31.7	34.8	37.5	41.2	45.1
3730.0	18.1	23.4	26.0	28.9	31.7	34.8	37.6	41.2	45.2
3740.0	18.1	23.4	26.0	28.9	31.7	34.8	37.6	41.3	45.2
3750.0	18.2	23.4	26.0	28.9	31.8	34.8	37.6	41.3	45.2
3760.0	18.2	23.4	26.0	28.9	31.8	34.9	37.7	41.3	45.3
3770.0	18.1	23.4	26.0	28.9	31.8	34.9	37.7	41.4	45.3
3780.0	18.1	23.5	26.0	28.9	31.8	34.9	37.7	41.4	45.3
3790.0	18.1	23.5	26.1	29.0	31.8	34.9	37.7	41.4	45.4
3800.0	18.1	23.5	26.1	29.0	31.9	35.0	37.8	41.4	45.4
3810.0	18.1	23.5	26.1	29.0	31.9	35.0	37.8	41.5	45.4
3820.0	18.1	23.5	26.1	29.0	31.9	35.0	37.8	41.5	45.4
3830.0	18.1	23.5	26.1	29.0	31.9	35.0	37.8	41.5	45.5
3840.0	18.1	23.5	26.1	29.0	31.9	35.0	37.9	41.5	45.5
3850.0	18.1	23.5	26.1	29.1	32.0	35.1	37.9	41.6	45.5
3860.0	18.1	23.5	26.1	29.1	32.0	35.1	37.9	41.6	45.6
3870.0	18.1	23.6	26.2	29.1	32.0	35.1	37.9	41.6	45.6
3880.0	18.1	23.6	26.2	29.1	32.0	35.1	38.0	41.7	45.6
3890.0	18.2	23.6	26.2	29.1	32.0	35.2	38.0	41.7	45.7
3900.0	18.2	23.6	26.2	29.2	32.1	35.2	38.0	41.7	45.7
3910.0	18.2	23.6	26.2	29.2	32.1	35.2	38.0	41.7	45.7
3920.0	18.2	23.6	26.2	29.2	32.1	35.2	38.1	41.8	45.7
3930.0	18.2	23.6	26.2	29.2	32.1	35.3	38.1	41.8	45.8
3940.0	18.2	23.6	26.2	29.2	32.1	35.3	38.1	41.8	45.8
3950.0	18.2	23.6	26.3	29.2	32.2	35.3	38.1	41.8	45.8
3960.0	18.1	23.6	26.3	29.2	32.2	35.3	38.1	41.9	45.8
3970.0	18.1	23.6	26.3	29.3	32.2	35.3	38.2	41.9	45.9
3980.0	18.2	23.7	26.3	29.3	32.2	35.4	38.2	41.9	45.9
3990.0	18.2	23.7	26.3	29.3	32.2	35.4	38.2	42.0	45.9
4000.0	18.2	23.7	26.3	29.3	32.2	35.4	38.2	42.0	46.0
4010.0	18.2	23.7	26.3	29.3	32.3	35.4	38.3	42.0	46.0
4020.0	18.2	23.7	26.3	29.3	32.3	35.4	38.3	42.0	46.0
4030.0	18.2	23.7	26.4	29.4	32.3	35.5	38.3	42.1	46.0
4040.0	18.2	23.7	26.4	29.4	32.3	35.5	38.3	42.1	46.1
4050.0	18.2	23.7	26.4	29.4	32.3	35.5	38.4	42.1	46.1
4060.0	18.2	23.8	26.4	29.4	32.4	35.5	38.4	42.1	46.1
4070.0	18.2	23.8	26.4	29.4	32.4	35.5	38.4	42.2	46.1
4080.0	18.2	23.8	26.4	29.4	32.4	35.5	38.4	42.2	46.2
4090.0	18.2	23.8	26.4	29.4	32.4	35.6	38.5	42.2	46.2
4100.0	18.2	23.8	26.5	29.5	32.4	35.6	38.5	42.2	46.2
4110.0	18.2	23.8	26.5	29.5	32.5	35.6	38.5	42.3	46.2
4120.0	18.2	23.8	26.5	29.5	32.5	35.7	38.5	42.3	46.3
4130.0	18.2	23.8	26.5	29.5	32.5	35.7	38.5	42.3	46.3
4140.0	18.2	23.8	26.5	29.5	32.5	35.7	38.6	42.3	46.3
4150.0	18.2	23.8	26.5	29.5	32.5	35.7	38.6	42.3	46.3
4160.0	18.2	23.9	26.6	29.6	32.6	35.7	38.6	42.4	46.4
4170.0	18.2	23.9	26.6	29.6	32.6	35.7	38.6	42.4	46.4
4180.0	18.2	23.9	26.6	29.6	32.6	35.8	38.7	42.4	46.4
4190.0	18.2	23.9	26.6	29.6	32.6	35.8	38.7	42.4	46.4
4200.0	18.2	23.9	26.6	29.6	32.6	35.8	38.7	42.5	46.5
4210.0	18.2	23.9	26.6	29.7	32.6	35.8	38.7	42.5	46.5
4220.0	18.2	23.9	26.6	29.7	32.6	35.8	38.7	42.5	46.5
4230.0	18.2	23.9	26.6	29.7	32.7	35.9	38.8	42.5	46.5
4240.0	18.2	23.9	26.6	29.7	32.7	35.9	38.8	42.6	46.6
4250.0	18.2	23.9	26.6	29.7	32.7	35.9	38.8	42.6	46.6
4260.0	18.2	23.9	26.7	29.7	32.7	35.9	38.8	42.6	46.6
4270.0	18.2	24.0	26.7	29.7	32.7	36.0	38.8	42.6	46.6
4280.0	18.2	24.0	26.7	29.8	32.8	36.0	38.9	42.7	46.7
4290.0	18.2	24.0	26.7	29.8	32.8	36.0	38.9	42.7	46.7
4300.0	18.2	24.0	26.7	29.8	32.8	36.0	38.9	42.7	46.7
4310.0	18.2	24.0	26.7	29.8	32.8	36.0	38.9	42.7	46.7
4320.0	18.2	24.0	26.7	29.8	32.8	36.0	38.9	42.7	46.8
4330.0	18.2	24.0	26.7	29.8	32.8	36.1	39.0	42.8	46.8
4340.0	18.2	24.0	26.7	29.8	32.9	36.1	39.0	42.8	46.8
4350.0	18.2	24.0	26.7	29.8	32.9	36.1	39.0	42.8	46.8
4360.0	18.2	24.0	26.8	29.9	32.9	36.1	39.0	42.8	46.8
4370.0	18.2	24.0	26.8	29.9	32.9	36.1	39.0	42.8	46.9
4380.0	18.2	24.0	26.8	29.9	32.9	36.2	39.1	42.9	46.9
4390.0	18.2	24.0	26.8	29.9	32.9	36.2	39.1	42.9	46.9
4400.0	18.2	24.1	26.8	29.9	33.0	36.2	39.1	42.9	46.9
4410.0	18.2	24.1	26.8	29.9	33.0	36.2	39.1	42.9	47.0
4420.0	18.2	24.1	26.8	29.9	33.0	36.2	39.1	42.9	47.0
4430.0	18.2	24.1	26.8	29.9	33.0	36.2	39.2	43.0	47.0
4440.0	18.2	24.1	26.8	30.0	33.0	36.2	39.2	43.0	47.0
4450.0	18.2	24.1	26.9	30.0	33.0	36.3	39.2	43.0	47.0
4460.0	18.2	24.1	26.9	30.0	33.0	36.3	39.2	43.0	47.1
4470.0	18.2	24.1	26.9	30.0	33.1	36.3	39.2	43.1	47.1
4480.0	18.2	24.1	26.9	30.0	33.1	36.3	39.3	43.1	47.1
4490.0	18.2	24.1	26.9	30.0	33.1	36.3	39.3	43.1	47.1
4500.0	18.2	24.1	26.9	30.0	33.1	36.4	39.3	43.1	47.2
4510.0	18.2	24.1	26.9	30.0	33.1	36.4	39.3	43.1	47.2
4520.0	18.2	24.1	26.9	30.1	33.1	36.4	39.3	43.2	47.2
4530.0	18.2	24.1	26.9	30.1	33.1	36.4	39.3	43.2	47.2
4540.0	18.2	24.1	26.9	30.1	33.1	36.4	39.4	43.2	47.3
4550.0	18.2	24.1	26.9	30.1	33.2	36.4	39.4	43.2	47.3
4560.0	18.2	24.2	27.0	30.1	33.2	36.4	39.4	43.2	47.3
4570.0	18.2	24.2	27.0	30.1	33.2	36.5	39.4	43.3	47.3
4580.0	18.2	24.2	27.0	30.1	33.2	36.5	39.4	43.3	47.3
4590.0	18.2	24.2	27.0	30.1	33.2	36.5	39.5	43.3	47.3
4600.0	18.2	24.2	27.0	30.1	33.2	36.5	39.5	43.3	47.4
4610.0	18.2	24.2	27.0	30.2	33.2	36.5	39.5	43.3	47.4
4620.0	18.2	24.2	27.0	30.2	33.3	36.5	39.5	43.3	47.4
4630.0	18.2	24.2	27.0	30.2	33.3	36.6	39.5	43.4	47.4
4640.0	18.3	24.2	27.0	30.2	33.3	36.6	39.5	43.4	47.4
4650.0	18.3	24.2	27.0	30.2	33.3	36.6	39.6	43.4	47.5
4660.0	18.3	24.2	27.0	30.2	33.3	36.6	39.6	43.4	47.5
4670.0	18.3	24.2	27.1	30.2	33.3	36.6	39.6	43.4	47.5
4680.0	18.3	24.2	27.1	30.2	33.3	36.6	39.6	43.4	47.5
4690.0	18.3	24.2	27.1	30.2	33.4	36.7	39.6	43.5	47.5
4700.0	18.3	24.3	27.1	30.3	33.4	36.7	39.6	43.5	47.6
4710.0	18.3	24.3	27.1	30.3	33.4	36.7	39.7	43.5	47.6
4720.0	18.3	24.3	27.1	30.3	33.4	36.7	39.7	43.5	47.6
4730.0	18.3	24.3	27.1	30.3	33.4	36.7	39.7	43.5	47.6
4740.0	18.3	24.3	27.1	30.3	33.4	36.7	39.7	43.6	47.6
4750.0	18.3	24.3	27.1	30.3	33.4	36.7	39.7	43.6	47.7
4760.0	18.3	24.3	27.1	30.3	33.4	36.8	39.7	43.6	47.7
4770.0	18.2	24.3	27.2	30.3	33.5	36.8	39.7	43.6	47.7
4780.0	18.3	24.3	27.2	30.3	33.5	36.8	39.8	43.6	47.7
4790.0	18.3	24.3	27.2	30.4	33.5	36.8	39.8	43.6	47.7
4800.0	18.3	24.3	27.2	30.4	33.5	36.8	39.8	43.7	47.7
4810.0	18.3	24.4	27.2	30.4	33.5	36.8	39.8	43.7	47.8
4820.0	18.3	24.4	27.2	30.4	33.5	36.8	39.8	43.7	47.8
4830.0	18.3	24.4	27.2	30.4	33.5	36.9	39.8	43.7	47.8
4840.0	18.3	24.4	27.2	30.4	33.5	36.9	39.8	43.7	47.8
4850.0	18.3	24.4	27.2	30.4	33.6	36.9	39.9	43.7	47.8
4860.0	18.3	24.4	27.2	30.4	33.6	36.9	39.9	43.8	47.9
4870.0	18.3	24.4	27.2	30.4	33.6	36.9	39.9	43.8	47.9
4880.0	18.3	24.4	27.2	30.5	33.6	36.9	39.9	43.8	47.9
4890.0	18.2	24.4	27.3	30.5	33.6	36.9	39.9	43.8	47.9
4900.0	18.3	24.4	27.3	30.5	33.6	37.0	39.9	43.8	47.9
4910.0	18.3	24.4	27.3	30.5	33.6	37.0	40.0	43.8	47.9
4920.0	18.3	24.4	27.3	30.5	33.6	37.0	40.0	43.8	47.9
4930.0	18.3	24.4	27.3	30.5	33.7	37.0	40.0	43.9	48.0
4940.0	18.3	24.4	27.3	30.5	33.7	37.0	40.0	43.9	48.0
4950.0	18.3	24.4	27.3	30.5	33.7	37.0	40.0	43.9	48.0
4960.0	18.3	24.4	27.3	30.5	33.7	37.0	40.0	43.9	48.0
4970.0	18.3	24.4	27.3	30.5	33.7	37.1	40.0	43.9	48.0
4980.0	18.3	24.4	27.3	30.6	33.7	37.1	40.1	44.0	48.1
4990.0	18.3	24.4	27.3	30.6	33.7	37.1	40.1	44.0	48.1
5000.0	18.3	24.4	27.3	30.6	33.7	37.1	40.1	44.0	48.1
5010.0	18.3	24.5	27.3	30.6	33.7	37.1	40.1	44.0	48.1
5020.0	18.3	24.5	27.4	30.6	33.8	37.1	40.1	44.0	48.1
5030.0	18.3	24.5	27.4	30.6	33.8	37.1	40.1	44.0	48.1
5040.0	18.3	24.5	27.4	30.6	33.8	37.1	40.1	44.0	48.2
5050.0	18.3	24.5	27.4	30.6	33.8	37.2	40.2	44.1	48.2
5060.0	18.3	24.5	27.4	30.6	33.8	37.2	40.2	44.1	48.2
5070.0	18.3	24.5	27.4	30.6	33.8	37.2	40.2	44.1	48.2
5080.0	18.3	24.5	27.4	30.6	33.8	37.2	40.2	44.1	48.2
5090.0	18.3	24.5	27.4	30.7	33.8	37.2	40.2	44.1	48.2
5100.0	18.3	24.5	27.4	30.7	33.8	37.2	40.2	44.1	48.2
5110.0	18.3	24.5	27.4	30.7	33.8	37.2	40.2	44.1	48.3
5120.0	18.2	24.5	27.4	30.7	33.9	37.2	40.2	44.2	48.3
5130.0	18.2	24.5	27.4	30.7	33.9	37.2	40.3	44.2	48.3
5140.0	18.2	24.5	27.5	30.7	33.9	37.3	40.3	44.2	48.3
5150.0	18.2	24.5	27.4	30.7	33.9	37.3	40.3	44.2	48.3
5160.0	18.2	24.5	27.4	30.7	33.9	37.3	40.3	44.2	48.3
5170.0	18.2	24.6	27.5	30.7	33.9	37.3	40.3	44.2	48.4
5180.0	18.2	24.5	27.5	30.7	33.9	37.3	40.3	44.2	48.4
5190.0	18.2	24.5	27.5	30.7	33.9	37.3	40.3	44.3	48.4
5200.0	18.2	24.5	27.5	30.8	33.9	37.3	40.4	44.3	48.4
5210.0	18.2	24.6	27.5	30.8	34.0	37.3	40.4	44.3	48.4
5220.0	18.2	24.6	27.5	30.8	34.0	37.4	40.4	44.3	48.4
5230.0	18.2	24.6	27.5	30.8	34.0	37.4	40.4	44.3	48.4
5240.0	18.2	24.6	27.5	30.8	34.0	37.4	40.4	44.3	48.5
5250.0	18.2	24.6	27.5	30.8	34.0	37.4	40.4	44.3	48.5
5260.0	18.2	24.6	27.5	30.8	34.0	37.4	40.4	44.4	48.5
5270.0	18.2	24.6	27.5	30.8	34.0	37.4	40.4	44.4	48.5
5280.0	18.2	24.6	27.5	30.8	34.0	37.4	40.4	44.4	48.5
5290.0	18.3	24.6	27.5	30.8	34.0	37.4	40.5	44.4	48.5
5300.0	18.3	24.6	27.5	30.8	34.0	37.4	40.5	44.4	48.5
5310.0	18.3	24.6	27.6	30.8	34.1	37.5	40.5	44.4	48.6
5320.0	18.3	24.6	27.6	30.9	34.1	37.5	40.5	44.4	48.6
5330.0	18.3	24.6	27.6	30.9	34.1	37.5	40.5	44.4	48.6
5340.0	18.3	24.6	27.6	30.9	34.1	37.5	40.5	44.5	48.6
5350.0	18.3	24.6	27.6	30.9	34.1	37.5	40.5	44.5	48.6
5360.0	18.3	24.6	27.6	30.9	34.1	37.5	40.6	44.5	48.6
5370.0	18.3	24.7	27.6	30.9	34.1	37.5	40.6	44.5	48.6
5380.0	18.3	24.7	27.6	30.9	34.1	37.5	40.6	44.5	48.7
5390.0	18.3	24.7	27.6	30.9	34.1	37.5	40.6	44.5	48.7
5400.0	18.3	24.7	27.6	30.9	34.2	37.6	40.6	44.5	48.7
5410.0	18.3	24.7	27.6	30.9	34.2	37.6	40.6	44.6	48.7
5420.0	18.3	24.7	27.6	31.0	34.2	37.6	40.6	44.6	48.7
5430.0	18.3	24.7	27.7	31.0	34.2	37.6	40.6	44.6	48.7
5440.0	18.3	24.7	27.7	31.0	34.2	37.6	40.6	44.6	48.7
5450.0	18.3	24.7	27.7	31.0	34.2	37.6	40.7	44.6	48.7
5460.0	18.3	24.7	27.7	31.0	34.2	37.6	40.7	44.6	48.8
5470.0	18.3	24.7	27.7	31.0	34.2	37.6	40.7	44.6	48.8
5480.0	18.3	24.7	27.7	31.0	34.2	37.6	40.7	44.6	48.8
5490.0	18.3	24.7	27.7	31.0	34.2	37.7	40.7	44.6	48.8
5500.0	18.3	24.7	27.7	31.0	34.2	37.7	40.7	44.7	48.8
5510.0	18.3	24.7	27.7	31.0	34.3	37.7	40.7	44.7	48.8
5520.0	18.2	24.7	27.7	31.0	34.3	37.7	40.7	44.7	48.8
5530.0	18.3	24.7	27.7	31.0	34.3	37.7	40.7	44.7	48.9
5540.0	18.3	24.7	27.7	31.0	34.3	37.7	40.8	44.7	48.9
5550.0	18.3	24.7	27.7	31.1	34.3	37.7	40.8	44.7	48.9
5560.0	18.2	24.7	27.7	31.1	34.3	37.7	40.8	44.7	48.9
5570.0	18.3	24.8	27.7	31.1	34.3	37.7	40.8	44.8	48.9
5580.0	18.3	24.8	27.7	31.1	34.3	37.7	40.8	44.8	48.9
5590.0	18.3	24.8	27.7	31.1	34.3	37.8	40.8	44.8	48.9
5600.0	18.3	24.8	27.7	31.1	34.3	37.8	40.8	44.8	48.9
5610.0	18.3	24.8	27.7	31.1	34.3	37.8	40.8	44.8	49.0
5620.0	18.3	24.8	27.7	31.1	34.3	37.8	40.8	44.8	49.0
5630.0	18.3	24.8	27.8	31.1	34.4	37.8	40.8	44.8	49.0
5640.0	18.3	24.8	27.8	31.1	34.4	37.8	40.9	44.8	49.0
5650.0	18.3	24.8	27.8	31.1	34.4	37.8	40.9	44.8	49.0
5660.0	18.2	24.8	27.8	31.1	34.4	37.8	40.9	44.9	49.0
5670.0	18.2	24.8	27.8	31.1	34.4	37.8	40.9	44.9	49.0
5680.0	18.2	24.8	27.8	31.1	34.4	37.8	40.9	44.9	49.0
5690.0	18.2	24.8	27.8	31.1	34.4	37.8	40.9	44.9	49.1
5700.0	18.2	24.8	27.8	31.2	34.4	37.9	40.9	44.9	49.1
5710.0	18.2	24.8	27.8	31.2	34.4	37.9	40.9	44.9	49.1
5720.0	18.2	24.8	27.8	31.2	34.4	37.9	40.9	44.9	49.1
5730.0	18.3	24.8	27.8	31.2	34.4	37.9	41.0	44.9	49.1
5740.0	18.3	24.8	27.8	31.2	34.4	37.9	41.0	44.9	49.1
5750.0	18.3	24.8	27.8	31.2	34.4	37.9	41.0	44.9	49.1
5760.0	18.3	24.8	27.8	31.2	34.5	37.9	41.0	45.0	49.1
5770.0	18.3	24.8	27.8	31.2	34.5	37.9	41.0	45.0	49.1
5780.0	18.3	24.8	27.8	31.2	34.5	37.9	41.0	45.0	49.2
5790.0	18.3	24.8	27.8	31.2	34.5	37.9	41.0	45.0	49.2
5800.0	18.3	24.8	27.8	31.2	34.5	37.9	41.0	45.0	49.2
5810.0	18.3	24.8	27.9	31.2	34.5	38.0	41.0	45.0	49.2
5820.0	18.3	24.8	27.8	31.2	34.5	38.0	41.0	45.0	49.2
5830.0	18.3	24.8	27.9	31.2	34.5	38.0	41.0	45.0	49.2
5840.0	18.2	24.8	27.9	31.2	34.5	38.0	41.1	45.0	49.2
5850.0	18.3	24.9	27.9	31.2	34.5	38.0	41.1	45.1	49.2
5860.0	18.2	24.8	27.9	31.3	34.5	38.0	41.1	45.1	49.2
5870.0	18.2	24.9	27.9	31.3	34.5	38.0	41.1	45.1	49.3
5880.0	18.2	24.9	27.9	31.3	34.5	38.0	41.1	45.1	49.3
5890.0	18.2	24.9	27.9	31.3	34.6	38.0	41.1	45.1	49.3
5900.0	18.2	24.9	27.9	31.3	34.6	38.0	41.1	45.1	49.3
5910.0	18.2	24.9	27.9	31.3	34.6	38.0	41.1	45.1	49.3
5920.0	18.2	24.9	27.9	31.3	34.6	38.0	41.1	45.1	49.3
5930.0	18.2	24.9	27.9	31.3	34.6	38.1	41.1	45.1	49.3
5940.0	18.2	24.9	27.9	31.3	34.6	38.1	41.1	45.1	49.3
5950.0	18.2	24.9	27.9	31.3	34.6	38.1	41.2	45.2	49.4
5960.0	18.2	24.9	27.9	31.3	34.6	38.1	41.2	45.2	49.4
5970.0	18.2	24.9	27.9	31.3	34.6	38.1	41.2	45.2	49.4
5980.0	18.2	24.9	27.9	31.3	34.6	38.1	41.2	45.2	49.4
5990.0	18.3	24.9	27.9	31.3	34.6	38.1	41.2	45.2	49.4
6000.0	18.3	24.9	27.9	31.3	34.6	38.1	41.2	45.2	49.4
6010.0	18.3	24.9	27.9	31.3	34.6	38.1	41.2	45.2	49.4
6020.0	18.3	24.9	27.9	31.3	34.6	38.1	41.2	45.2	49.4
6030.0	18.3	24.9	27.9	31.3	34.6	38.1	41.2	45.2	49.4
6040.0	18.3	24.9	27.9	31.4	34.7	38.1	41.2	45.2	49.4
6050.0	18.3	24.9	27.9	31.4	34.7	38.2	41.2	45.3	49.4
6060.0	18.3	24.9	28.0	31.4	34.7	38.2	41.3	45.3	49.5
6070.0	18.3	24.9	28.0	31.4	34.7	38.2	41.3	45.3	49.5
6080.0	18.3	24.9	28.0	31.4	34.7	38.2	41.3	45.3	49.5
6090.0	18.3	24.9	28.0	31.4	34.7	38.2	41.3	45.3	49.5
6100.0	18.3	24.9	28.0	31.4	34.7	38.2	41.3	45.3	49.5
6110.0	18.3	24.9	28.0	31.4	34.7	38.2	41.3	45.3	49.5
6120.0	18.3	24.9	28.0	31.4	34.7	38.2	41.3	45.3	49.5
6130.0	18.3	24.9	28.0	31.4	34.7	38.2	41.3	45.3	49.5
6140.0	18.3	25.0	28.0	31.4	34.7	38.2	41.3	45.3	49.5
6150.0	18.3	25.0	28.0	31.4	34.7	38.2	41.3	45.4	49.6
6160.0	18.3	25.0	28.0	31.4	34.7	38.2	41.3	45.4	49.6
6170.0	18.3	25.0	28.0	31.4	34.7	38.2	41.3	45.4	49.6
6180.0	18.3	25.0	28.0	31.4	34.7	38.2	41.3	45.4	49.6
6190.0	18.3	25.0	28.0	31.4	34.8	38.3	41.4	45.4	49.6
6200.0	18.3	25.0	28.0	31.5	34.8	38.3	41.4	45.4	49.6
6210.0	18.3	25.0	28.1	31.5	34.8	38.3	41.4	45.4	49.6
6220.0	18.3	25.0	28.0	31.5	34.8	38.3	41.4	45.4	49.6
6230.0	18.3	25.0	28.1	31.5	34.8	38.3	41.4	45.4	49.6
6240.0	18.3	25.0	28.0	31.5	34.8	38.3	41.4	45.4	49.6
6250.0	18.3	25.0	28.1	31.5	34.8	38.3	41.4	45.4	49.6
6260.0	18.3	25.0	28.1	31.5	34.8	38.3	41.4	45.4	49.6
6270.0	18.3	25.0	28.1	31.5	34.8	38.3	41.4	45.5	49.7
6280.0	18.3	25.0	28.1	31.5	34.8	38.3	41.4	45.5	49.7
6290.0	18.3	25.0	28.1	31.5	34.8	38.3	41.4	45.5	49.7
6300.0	18.3	25.0	28.1	31.5	34.8	38.3	41.4	45.5	49.7
6310.0	18.3	25.0	28.1	31.5	34.8	38.3	41.5	45.5	49.7
6320.0	18.3	25.0	28.1	31.5	34.8	38.4	41.5	45.5	49.7
6330.0	18.3	25.0	28.1	31.5	34.9	38.4	41.5	45.5	49.7
6340.0	18.3	25.0	28.1	31.5	34.8	38.4	41.5	45.5	49.7
6350.0	18.4	25.0	28.1	31.5	34.9	38.4	41.5	45.5	49.7
6360.0	18.4	25.0	28.1	31.5	34.9	38.4	41.5	45.5	49.7
6370.0	18.3	25.0	28.1	31.5	34.9	38.4	41.5	45.5	49.7
6380.0	18.4	25.0	28.1	31.5	34.9	38.4	41.5	45.5	49.7
6390.0	18.3	25.0	28.1	31.5	34.9	38.4	41.5	45.5	49.8
6400.0	18.4	25.1	28.1	31.6	34.9	38.4	41.5	45.6	49.8
6410.0	18.4	25.0	28.1	31.5	34.9	38.4	41.5	45.5	49.8
6420.0	18.4	25.1	28.1	31.6	34.9	38.4	41.5	45.6	49.8
6430.0	18.4	25.1	28.1	31.6	34.9	38.4	41.5	45.6	49.8
6440.0	18.4	25.1	28.1	31.6	34.9	38.4	41.6	45.6	49.8
6450.0	18.4	25.1	28.1	31.6	34.9	38.4	41.6	45.6	49.8
6460.0	18.4	25.1	28.1	31.6	34.9	38.4	41.6	45.6	49.8
6470.0	18.4	25.1	28.1	31.6	34.9	38.4	41.6	45.6	49.8
6480.0	18.4	25.1	28.2	31.6	34.9	38.5	41.6	45.6	49.8
6490.0	18.4	25.1	28.2	31.6	34.9	38.5	41.6	45.6	49.8
6500.0	18.4	25.1	28.2	31.6	34.9	38.5	41.6	45.6	49.8
6510.0	18.4	25.1	28.2	31.6	35.0	38.5	41.6	45.6	49.9
6520.0	18.4	25.1	28.2	31.6	35.0	38.5	41.6	45.6	49.9
6530.0	18.4	25.1	28.2	31.6	35.0	38.5	41.6	45.7	49.9
6540.0	18.4	25.1	28.2	31.6	35.0	38.5	41.6	45.6	49.9
6550.0	18.4	25.1	28.2	31.6	35.0	38.5	41.6	45.7	49.9
6560.0	18.3	25.1	28.2	31.6	35.0	38.5	41.6	45.7	49.9
6570.0	18.3	25.1	28.2	31.6	35.0	38.5	41.6	45.7	49.9
6580.0	18.3	25.1	28.2	31.7	35.0	38.5	41.6	45.7	49.9
6590.0	18.3	25.1	28.2	31.7	35.0	38.5	41.7	45.7	49.9
6600.0	18.4	25.1	28.2	31.7	35.0	38.5	41.7	45.7	49.9
6610.0	18.3	25.1	28.2	31.7	35.0	38.5	41.7	45.7	49.9
6620.0	18.4	25.1	28.2	31.7	35.0	38.6	41.7	45.7	50.0
6630.0	18.3	25.1	28.2	31.7	35.0	38.6	41.7	45.7	50.0
6640.0	18.3	25.1	28.2	31.7	35.0	38.6	41.7	45.7	50.0
6650.0	18.3	25.1	28.2	31.7	35.0	38.6	41.7	45.8	50.0
6660.0	18.3	25.1	28.2	31.7	35.0	38.6	41.7	45.7	50.0
6670.0	18.3	25.1	28.2	31.7	35.0	38.6	41.7	45.8	50.0
6680.0	18.3	25.1	28.2	31.7	35.0	38.6	41.7	45.8	50.0
6690.0	18.4	25.1	28.2	31.7	35.1	38.6	41.7	45.8	50.0
6700.0	18.4	25.1	28.2	31.7	35.1	38.6	41.7	45.8	50.0
6710.0	18.4	25.1	28.2	31.7	35.1	38.6	41.7	45.8	50.0
6720.0	18.3	25.1	28.2	31.7	35.1	38.6	41.7	45.8	50.0
6730.0	18.3	25.1	28.3	31.7	35.1	38.6	41.7	45.8	50.0
6740.0	18.3	25.1	28.3	31.7	35.1	38.6	41.8	45.8	50.0
6750.0	18.3	25.1	28.3	31.7	35.1	38.6	41.8	45.8	50.0
6760.0	18.3	25.1	28.3	31.7	35.1	38.6	41.8	45.8	50.0
6770.0	18.3	25.2	28.3	31.7	35.1	38.6	41.8	45.8	50.1
6780.0	18.4	25.2	28.3	31.7	35.1	38.6	41.8	45.8	50.1
6790.0	18.3	25.2	28.3	31.7	35.1	38.7	41.8	45.8	50.1
6800.0	18.4	25.2	28.3	31.8	35.1	38.7	41.8	45.9	50.1
6810.0	18.4	25.2	28.3	31.8	35.1	38.7	41.8	45.9	50.1
6820.0	18.4	25.2	28.3	31.8	35.1	38.7	41.8	45.8	50.1
6830.0	18.4	25.2	28.3	31.8	35.1	38.7	41.8	45.9	50.1
6840.0	18.4	25.2	28.3	31.8	35.1	38.7	41.8	45.9	50.1
6850.0	18.3	25.2	28.3	31.8	35.1	38.7	41.8	45.9	50.1
6860.0	18.3	25.2	28.3	31.8	35.1	38.7	41.8	45.9	50.1
6870.0	18.3	25.2	28.3	31.8	35.2	38.7	41.8	45.9	50.1
6880.0	18.3	25.2	28.3	31.8	35.1	38.7	41.8	45.9	50.1
6890.0	18.3	25.2	28.3	31.8	35.1	38.7	41.9	45.9	50.1
6900.0	18.3	25.2	28.3	31.8	35.2	38.7	41.8	45.9	50.1
6910.0	18.3	25.2	28.3	31.8	35.2	38.7	41.9	45.9	50.2
6920.0	18.3	25.2	28.3	31.8	35.2	38.7	41.9	45.9	50.2
6930.0	18.4	25.2	28.3	31.8	35.2	38.7	41.9	45.9	50.2
6940.0	18.4	25.2	28.3	31.8	35.2	38.7	41.9	45.9	50.2
6950.0	18.3	25.2	28.3	31.8	35.2	38.7	41.9	45.9	50.2
6960.0	18.4	25.2	28.3	31.8	35.2	38.7	41.9	45.9	50.2
6970.0	18.4	25.2	28.3	31.8	35.2	38.7	41.9	46.0	50.2
6980.0	18.4	25.2	28.3	31.8	35.2	38.8	41.9	46.0	50.2
6990.0	18.4	25.2	28.3	31.8	35.2	38.8	41.9	46.0	50.2
7000.0	18.4	25.2	28.3	31.8	35.2	38.8	41.9	46.0	50.2
7010.0	18.4	25.2	28.3	31.8	35.2	38.8	41.9	46.0	50.2
7020.0	18.4	25.2	28.3	31.8	35.2	38.8	41.9	46.0	50.2
7030.0	18.4	25.2	28.4	31.8	35.2	38.8	41.9	46.0	50.2
7040.0	18.4	25.2	28.4	31.8	35.2	38.8	41.9	46.0	50.2
7050.0	18.4	25.2	28.4	31.8	35.2	38.8	41.9	46.0	50.2
7060.0	18.4	25.2	28.4	31.9	35.2	38.8	42.0	46.0	50.3
7070.0	18.4	25.2	28.4	31.9	35.2	38.8	42.0	46.0	50.3
7080.0	18.4	25.2	28.4	31.9	35.2	38.8	42.0	46.0	50.3
7090.0	18.4	25.3	28.4	31.9	35.2	38.8	42.0	46.0	50.3
7100.0	18.4	25.2	28.4	31.9	35.2	38.8	42.0	46.0	50.3
7110.0	18.4	25.2	28.4	31.9	35.3	38.8	42.0	46.0	50.3
7120.0	18.4	25.3	28.4	31.9	35.3	38.8	42.0	46.1	50.3
7130.0	18.4	25.3	28.4	31.9	35.3	38.8	42.0	46.0	50.3
7140.0	18.4	25.3	28.4	31.9	35.3	38.8	42.0	46.1	50.3
7150.0	18.4	25.3	28.4	31.9	35.3	38.8	42.0	46.1	50.3
7160.0	18.4	25.3	28.4	31.9	35.3	38.8	42.0	46.1	50.3
7170.0	18.4	25.3	28.4	31.9	35.3	38.8	42.0	46.1	50.3
7180.0	18.4	25.3	28.4	31.9	35.3	38.8	42.0	46.1	50.3
7190.0	18.4	25.3	28.4	31.9	35.3	38.9	42.0	46.1	50.3
7200.0	18.4	25.3	28.4	31.9	35.3	38.9	42.0	46.1	50.3
7210.0	18.4	25.3	28.4	31.9	35.3	38.9	42.0	46.1	50.4
7220.0	18.4	25.3	28.4	31.9	35.3	38.9	42.0	46.1	50.3
7230.0	18.4	25.3	28.4	31.9	35.3	38.9	42.0	46.1	50.4
7240.0	18.3	25.3	28.4	31.9	35.3	38.9	42.0	46.1	50.4
7250.0	18.4	25.3	28.4	31.9	35.3	38.9	42.1	46.1	50.4
7260.0	18.4	25.3	28.4	31.9	35.3	38.9	42.1	46.1	50.4
7270.0	18.4	25.3	28.5	32.0	35.3	38.9	42.1	46.1	50.4
7280.0	18.3	25.3	28.4	31.9	35.3	38.9	42.1	46.1	50.4
7290.0	18.3	25.3	28.5	31.9	35.3	38.9	42.1	46.1	50.4
7300.0	18.3	25.3	28.4	31.9	35.3	38.9	42.1	46.1	50.4
7310.0	18.4	25.3	28.4	32.0	35.3	38.9	42.1	46.1	50.4
7320.0	18.4	25.3	28.5	32.0	35.3	38.9	42.1	46.2	50.4
7330.0	18.4	25.3	28.5	32.0	35.3	38.9	42.1	46.2	50.4
7340.0	18.4	25.3	28.4	31.9	35.4	38.9	42.1	46.2	50.4
7350.0	18.4	25.3	28.5	32.0	35.4	38.9	42.1	46.2	50.4
7360.0	18.4	25.3	28.5	32.0	35.4	38.9	42.1	46.2	50.4
7370.0	18.4	25.3	28.4	32.0	35.4	38.9	42.1	46.2	50.4
7380.0	18.4	25.3	28.5	32.0	35.4	38.9	42.1	46.2	50.4
7390.0	18.4	25.3	28.5	32.0	35.4	38.9	42.1	46.2	50.4
7400.0	18.4	25.3	28.5	32.0	35.4	38.9	42.1	46.2	50.4
7410.0	18.4	25.3	28.5	32.0	35.4	39.0	42.1	46.2	50.4
7420.0	18.4	25.3	28.4	32.0	35.4	39.0	42.1	46.2	50.4
7430.0	18.4	25.3	28.5	32.0	35.4	39.0	42.1	46.2	50.5
7440.0	18.4	25.3	28.5	32.0	35.4	39.0	42.1	46.2	50.5
7450.0	18.4	25.3	28.5	32.0	35.4	39.0	42.1	46.2	50.5
7460.0	18.4	25.3	28.5	32.0	35.4	39.0	42.1	46.2	50.5
7470.0	18.4	25.3	28.5	32.0	35.4	39.0	42.1	46.2	50.5
7480.0	18.4	25.3	28.5	32.0	35.4	39.0	42.1	46.2	50.5
7490.0	18.4	25.3	28.5	32.0	35.4	39.0	42.2	46.2	50.5
7500.0	18.4	25.3	28.5	32.0	35.4	39.0	42.2	46.2	50.5
7510.0	18.4	25.3	28.5	32.0	35.4	39.0	42.2	46.2	50.5
7520.0	18.4	25.3	28.5	32.0	35.4	39.0	42.2	46.2	50.5
7530.0	18.4	25.3	28.5	32.0	35.4	39.0	42.2	46.3	50.5
7540.0	18.4	25.3	28.5	32.0	35.4	39.0	42.2	46.2	50.5
7550.0	18.4	25.3	28.5	32.0	35.4	39.0	42.2	46.3	50.5
7560.0	18.3	25.3	28.5	32.0	35.4	39.0	42.2	46.3	50.5
7570.0	18.3	25.3	28.5	32.0	35.4	39.0	42.2	46.3	50.5
7580.0	18.3	25.3	28.5	32.0	35.4	39.0	42.2	46.3	50.5
7590.0	18.3	25.3	28.5	32.0	35.4	39.0	42.2	46.3	50.5
7600.0	18.3	25.3	28.5	32.0	35.4	39.0	42.2	46.3	50.5
7610.0	18.3	25.3	28.5	32.0	35.4	39.0	42.2	46.3	50.5
7620.0	18.3	25.3	28.5	32.0	35.4	39.0	42.2	46.3	50.6
7630.0	18.3	25.3	28.5	32.0	35.4	39.0	42.2	46.3	50.6
7640.0	18.3	25.3	28.5	32.0	35.5	39.0	42.2	46.3	50.6
7650.0	18.3	25.3	28.5	32.0	35.4	39.0	42.2	46.3	50.6
7660.0	18.3	25.3	28.5	32.0	35.5	39.0	42.2	46.3	50.6
7670.0	18.3	25.3	28.5	32.0	35.5	39.1	42.2	46.3	50.6
7680.0	18.3	25.3	28.5	32.0	35.5	39.0	42.2	46.3	50.6
7690.0	18.3	25.3	28.5	32.0	35.5	39.0	42.2	46.3	50.6
7700.0	18.3	25.3	28.5	32.0	35.5	39.1	42.2	46.3	50.6
7710.0	18.4	25.3	28.5	32.1	35.5	39.1	42.2	46.3	50.6
7720.0	18.3	25.3	28.5	32.0	35.5	39.1	42.2	46.3	50.6
7730.0	18.3	25.3	28.5	32.1	35.5	39.1	42.2	46.3	50.6
7740.0	18.3	25.3	28.5	32.1	35.5	39.1	42.3	46.3	50.6
7750.0	18.3	25.4	28.5	32.1	35.5	39.1	42.3	46.3	50.6
7760.0	18.3	25.4	28.5	32.1	35.5	39.1	42.3	46.3	50.6
7770.0	18.3	25.4	28.5	32.1	35.5	39.1	42.3	46.4	50.6
7780.0	18.4	25.3	28.5	32.1	35.5	39.1	42.3	46.3	50.6
7790.0	18.3	25.3	28.5	32.1	35.5	39.1	42.3	46.4	50.6
7800.0	18.3	25.4	28.5	32.1	35.5	39.1	42.3	46.4	50.6
7810.0	18.4	25.4	28.5	32.1	35.5	39.1	42.3	46.4	50.6
7820.0	18.3	25.4	28.5	32.1	35.5	39.1	42.3	46.4	50.6
7830.0	18.3	25.4	28.5	32.1	35.5	39.1	42.3	46.4	50.6
7840.0	18.3	25.4	28.5	32.1	35.5	39.1	42.3	46.4	50.6
7850.0	18.3	25.4	28.5	32.1	35.5	39.1	42.3	46.4	50.7
7860.0	18.3	25.4	28.5	32.1	35.5	39.1	42.3	46.4	50.7
7870.0	18.3	25.4	28.5	32.1	35.5	39.1	42.3	46.4	50.7
7880.0	18.3	25.4	28.6	32.1	35.5	39.1	42.3	46.4	50.7
7890.0	18.3	25.4	28.6	32.1	35.5	39.1	42.3	46.4	50.7
7900.0	18.3	25.4	28.6	32.1	35.5	39.1	42.3	46.4	50.7
7910.0	18.3	25.4	28.6	32.1	35.5	39.1	42.3	46.4	50.7
7920.0	18.3	25.4	28.6	32.1	35.5	39.1	42.3	46.4	50.7
7930.0	18.3	25.4	28.6	32.1	35.5	39.1	42.3	46.4	50.7
7940.0	18.3	25.4	28.6	32.1	35.5	39.1	42.3	46.4	50.7
7950.0	18.3	25.4	28.6	32.1	35.5	39.1	42.3	46.4	50.7
7960.0	18.3	25.4	28.6	32.1	35.5	39.1	42.3	46.4	50.7
7970.0	18.3	25.4	28.6	32.1	35.5	39.2	42.3	46.4	50.7
7980.0	18.3	25.4	28.6	32.1	35.5	39.2	42.3	46.4	50.7
7990.0	18.3	25.4	28.6	32.1	35.5	39.1	42.3	46.4	50.7
8000.0	18.3	25.4	28.6	32.1	35.6	39.2	42.4	46.4	50.7
8010.0	18.3	25.4	28.6	32.1	35.5	39.2	42.3	46.4	50.7
8020.0	18.3	25.4	28.6	32.1	35.6	39.2	42.3	46.5	50.7
8030.0	18.3	25.4	28.6	32.1	35.6	39.2	42.4	46.5	50.7
8040.0	18.3	25.4	28.6	32.1	35.6	39.2	42.4	46.4	50.7
8050.0	18.3	25.4	28.6	32.1	35.6	39.2	42.3	46.5	50.7
8060.0	18.3	25.4	28.6	32.1	35.6	39.2	42.4	46.5	50.7
8070.0	18.4	25.4	28.6	32.1	35.6	39.2	42.4	46.5	50.8
8080.0	18.3	25.4	28.6	32.1	35.6	39.2	42.4	46.5	50.7
8090.0	18.3	25.4	28.6	32.1	35.6	39.2	42.4	46.5	50.7
8100.0	18.3	25.4	28.6	32.1	35.6	39.2	42.4	46.5	50.8
8110.0	18.3	25.4	28.6	32.1	35.6	39.2	42.4	46.5	50.8
8120.0	18.3	25.4	28.6	32.1	35.6	39.2	42.4	46.5	50.8
8130.0	18.3	25.4	28.6	32.1	35.6	39.2	42.4	46.5	50.8
8140.0	18.3	25.4	28.6	32.1	35.6	39.2	42.4	46.5	50.8
8150.0	18.3	25.4	28.6	32.1	35.6	39.2	42.4	46.5	50.8
8160.0	18.3	25.4	28.6	32.1	35.6	39.2	42.4	46.5	50.8
8170.0	18.3	25.4	28.6	32.1	35.6	39.2	42.4	46.5	50.8
8180.0	18.3	25.4	28.6	32.2	35.6	39.2	42.4	46.5	50.8
8190.0	18.3	25.4	28.6	32.1	35.6	39.2	42.4	46.5	50.8
8200.0	18.3	25.4	28.6	32.2	35.6	39.2	42.4	46.5	50.8
8210.0	18.3	25.4	28.6	32.2	35.6	39.2	42.4	46.5	50.8
8220.0	18.3	25.4	28.6	32.2	35.6	39.2	42.4	46.5	50.8
8230.0	18.3	25.4	28.6	32.1	35.6	39.2	42.4	46.5	50.8
8240.0	18.3	25.4	28.6	32.2	35.6	39.2	42.4	46.5	50.8
8250.0	18.3	25.4	28.6	32.2	35.6	39.2	42.4	46.5	50.8
8260.0	18.4	25.4	28.6	32.2	35.6	39.2	42.4	46.5	50.8
8270.0	18.3	25.4	28.6	32.2	35.6	39.2	42.4	46.5	50.8
8280.0	18.4	25.4	28.6	32.2	35.6	39.2	42.4	46.5	50.8
8290.0	18.4	25.4	28.6	32.2	35.6	39.2	42.4	46.5	50.8
8300.0	18.4	25.4	28.6	32.2	35.6	39.2	42.4	46.5	50.8
8310.0	18.4	25.4	28.6	32.2	35.6	39.2	42.4	46.6	50.8
8320.0	18.4	25.4	28.6	32.2	35.6	39.2	42.4	46.6	50.8
8330.0	18.4	25.4	28.6	32.2	35.6	39.2	42.4	46.6	50.8
8340.0	18.4	25.4	28.6	32.2	35.6	39.2	42.4	46.6	50.8
8350.0	18.4	25.4	28.6	32.2	35.6	39.3	42.4	46.6	50.8
8360.0	18.4	25.4	28.6	32.2	35.6	39.2	42.5	46.6	50.8
8370.0	18.4	25.4	28.6	32.2	35.6	39.3	42.4	46.6	50.8
8380.0	18.4	25.4	28.6	32.2	35.6	39.3	42.5	46.6	50.9
8390.0	18.4	25.4	28.6	32.2	35.6	39.3	42.5	46.6	50.9
8400.0	18.4	25.4	28.7	32.2	35.6	39.3	42.5	46.6	50.9
8410.0	18.4	25.5	28.6	32.2	35.6	39.3	42.5	46.6	50.9
8420.0	18.4	25.4	28.6	32.2	35.6	39.3	42.5	46.6	50.9
8430.0	18.4	25.4	28.6	32.2	35.6	39.3	42.5	46.6	50.9
8440.0	18.4	25.5	28.7	32.2	35.7	39.3	42.5	46.6	50.9
8450.0	18.4	25.5	28.7	32.2	35.7	39.3	42.5	46.6	50.9
8460.0	18.4	25.5	28.7	32.2	35.7	39.3	42.5	46.6	50.9
8470.0	18.4	25.5	28.7	32.2	35.7	39.3	42.5	46.6	50.9
8480.0	18.4	25.5	28.7	32.2	35.7	39.3	42.5	46.6	50.9
8490.0	18.3	25.5	28.7	32.2	35.7	39.3	42.5	46.6	50.9
8500.0	18.3	25.5	28.7	32.2	35.7	39.3	42.5	46.6	50.9
8510.0	18.3	25.5	28.7	32.2	35.7	39.3	42.5	46.6	50.9
8520.0	18.3	25.5	28.7	32.2	35.7	39.3	42.5	46.6	50.9
8530.0	18.3	25.5	28.7	32.2	35.7	39.3	42.5	46.6	50.9
8540.0	18.3	25.5	28.7	32.2	35.7	39.3	42.5	46.6	50.9
8550.0	18.3	25.5	28.7	32.3	35.7	39.3	42.5	46.6	50.9
8560.0	18.3	25.5	28.7	32.2	35.7	39.3	42.5	46.6	50.9
8570.0	18.3	25.5	28.7	32.2	35.7	39.3	42.5	46.6	50.9
8580.0	18.3	25.4	28.7	32.2	35.7	39.3	42.5	46.6	50.9
8590.0	18.3	25.5	28.7	32.2	35.7	39.3	42.5	46.6	50.9
8600.0	18.3	25.4	28.7	32.2	35.7	39.3	42.5	46.6	50.9
8610.0	18.3	25.4	28.7	32.2	35.7	39.3	42.5	46.6	50.9
8620.0	18.3	25.5	28.7	32.2	35.7	39.3	42.5	46.6	50.9
8630.0	18.3	25.4	28.7	32.2	35.7	39.3	42.5	46.6	50.9
8640.0	18.3	25.4	28.7	32.3	35.7	39.3	42.5	46.7	50.9
8650.0	18.3	25.5	28.7	32.3	35.7	39.3	42.5	46.7	50.9
8660.0	18.3	25.5	28.7	32.3	35.7	39.3	42.5	46.7	51.0
8670.0	18.3	25.4	28.7	32.2	35.7	39.3	42.5	46.6	50.9
8680.0	18.3	25.4	28.7	32.2	35.7	39.3	42.5	46.7	51.0
8690.0	18.3	25.4	28.7	32.3	35.7	39.3	42.5	46.7	50.9
8700.0	18.3	25.4	28.7	32.2	35.7	39.3	42.5	46.7	50.9
8710.0	18.3	25.5	28.7	32.3	35.7	39.3	42.5	46.7	50.9
8720.0	18.3	25.5	28.7	32.3	35.7	39.3	42.5	46.7	51.0
8730.0	18.3	25.5	28.7	32.3	35.7	39.3	42.5	46.7	51.0
8740.0	18.3	25.4	28.7	32.2	35.7	39.3	42.6	46.7	51.0
8750.0	18.3	25.5	28.7	32.3	35.7	39.4	42.6	46.7	51.0
8760.0	18.3	25.5	28.7	32.3	35.7	39.3	42.5	46.7	51.0
8770.0	18.3	25.5	28.7	32.3	35.7	39.4	42.6	46.7	51.0
8780.0	18.3	25.4	28.7	32.3	35.7	39.3	42.6	46.7	51.0
8790.0	18.3	25.5	28.7	32.3	35.7	39.4	42.6	46.7	51.0
8800.0	18.3	25.5	28.7	32.3	35.7	39.4	42.6	46.7	51.0
8810.0	18.3	25.5	28.7	32.3	35.7	39.4	42.6	46.7	51.0
8820.0	18.3	25.5	28.7	32.3	35.7	39.4	42.6	46.7	51.0
8830.0	18.3	25.5	28.7	32.3	35.7	39.4	42.6	46.7	51.0
8840.0	18.3	25.5	28.7	32.3	35.7	39.4	42.6	46.7	51.0
8850.0	18.3	25.5	28.7	32.3	35.7	39.4	42.6	46.7	51.0
8860.0	18.4	25.5	28.7	32.3	35.7	39.4	42.6	46.7	51.0
8870.0	18.3	25.5	28.7	32.3	35.7	39.4	42.6	46.7	51.0
8880.0	18.3	25.5	28.7	32.3	35.7	39.4	42.6	46.7	51.0
8890.0	18.3	25.5	28.7	32.3	35.7	39.4	42.6	46.7	51.0
8900.0	18.3	25.5	28.7	32.3	35.7	39.4	42.6	46.7	51.0
8910.0	18.3	25.5	28.7	32.3	35.7	39.4	42.6	46.7	51.0
8920.0	18.3	25.5	28.7	32.3	35.7	39.4	42.6	46.7	51.0
8930.0	18.3	25.5	28.7	32.3	35.8	39.4	42.6	46.7	51.0
8940.0	18.4	25.5	28.7	32.3	35.7	39.4	42.6	46.7	51.0
8950.0	18.3	25.5	28.7	32.3	35.7	39.4	42.6	46.7	51.0
8960.0	18.3	25.5	28.7	32.3	35.7	39.4	42.6	46.7	51.0
8970.0	18.3	25.5	28.7	32.3	35.7	39.4	42.6	46.7	51.0
8980.0	18.4	25.5	28.7	32.3	35.8	39.4	42.6	46.7	51.0
8990.0	18.4	25.5	28.7	32.3	35.8	39.4	42.6	46.7	51.0
9000.0	18.4	25.5	28.7	32.3	35.7	39.4	42.6	46.7	51.0
9010.0	18.4	25.5	28.7	32.3	35.8	39.4	42.6	46.7	51.0
9020.0	18.4	25.5	28.7	32.3	35.8	39.4	42.6	46.7	51.0
9030.0	18.4	25.5	28.7	32.3	35.8	39.4	42.6	46.7	51.0
9040.0	18.4	25.5	28.7	32.3	35.8	39.4	42.6	46.7	51.0
9050.0	18.4	25.5	28.7	32.3	35.8	39.4	42.6	46.7	51.0
9060.0	18.4	25.5	28.7	32.3	35.8	39.4	42.6	46.7	51.0
9070.0	18.4	25.5	28.7	32.3	35.8	39.4	42.6	46.7	51.0
9080.0	18.4	25.5	28.7	32.3	35.8	39.4	42.6	46.7	51.0
9090.0	18.4	25.5	28.7	32.3	35.8	39.4	42.6	46.7	51.0
9100.0	18.3	25.5	28.7	32.3	35.8	39.4	42.6	46.7	51.0
9110.0	18.3	25.5	28.7	32.3	35.8	39.4	42.6	46.7	51.0
9120.0	18.3	25.5	28.7	32.3	35.8	39.4	42.6	46.7	51.1
9130.0	18.3	25.5	28.7	32.3	35.8	39.4	42.6	46.7	51.1
9140.0	18.3	25.5	28.7	32.3	35.8	39.4	42.6	46.8	51.1
9150.0	18.3	25.5	28.7	32.3	35.8	39.4	42.6	46.7	51.0
9160.0	18.3	25.5	28.7	32.3	35.8	39.4	42.6	46.7	51.1
9170.0	18.3	25.5	28.7	32.3	35.8	39.4	42.6	46.8	51.1
9180.0	18.3	25.5	28.7	32.3	35.8	39.4	42.6	46.8	51.1
9190.0	18.3	25.5	28.7	32.3	35.8	39.4	42.6	46.8	51.1
9200.0	18.3	25.5	28.7	32.3	35.8	39.4	42.6	46.8	51.1
9210.0	18.3	25.5	28.7	32.3	35.8	39.4	42.6	46.8	51.1
9220.0	18.3	25.5	28.7	32.3	35.8	39.4	42.6	46.8	51.1
9230.0	18.3	25.5	28.7	32.3	35.8	39.4	42.6	46.8	51.1
9240.0	18.3	25.5	28.7	32.3	35.8	39.4	42.6	46.8	51.1
9250.0	18.3	25.5	28.7	32.3	35.8	39.4	42.6	46.8	51.1
9260.0	18.3	25.5	28.7	32.3	35.8	39.4	42.6	46.8	51.1
9270.0	18.3	25.5	28.7	32.3	35.8	39.4	42.6	46.8	51.1
9280.0	18.3	25.5	28.7	32.3	35.8	39.4	42.7	46.8	51.1
9290.0	18.3	25.5	28.7	32.3	35.8	39.4	42.6	46.8	51.1
9300.0	18.3	25.5	28.7	32.3	35.8	39.4	42.7	46.8	51.1
9310.0	18.3	25.5	28.7	32.3	35.8	39.4	42.6	46.8	51.1
9320.0	18.3	25.5	28.7	32.3	35.8	39.4	42.7	46.8	51.1
9330.0	18.3	25.5	28.7	32.3	35.8	39.4	42.6	46.8	51.1
9340.0	18.3	25.5	28.7	32.3	35.8	39.4	42.7	46.8	51.1
9350.0	18.3	25.5	28.7	32.3	35.8	39.4	42.6	46.8	51.1
9360.0	18.4	25.5	28.7	32.3	35.8	39.5	42.7	46.8	51.1
9370.0	18.3	25.5	28.7	32.3	35.8	39.5	42.7	46.8	51.1
9380.0	18.3	25.5	28.7	32.3	35.8	39.5	42.7	46.8	51.1
9390.0	18.3	25.5	28.7	32.3	35.8	39.5	42.7	46.8	51.1
9400.0	18.3	25.5	28.7	32.3	35.8	39.5	42.7	46.8	51.1
9410.0	18.3	25.5	28.7	32.3	35.8	39.5	42.7	46.8	51.1
9420.0	18.3	25.5	28.7	32.3	35.8	39.5	42.7	46.8	51.1
9430.0	18.3	25.5	28.7	32.3	35.8	39.5	42.7	46.8	51.1
9440.0	18.3	25.5	28.7	32.3	35.8	39.5	42.7	46.8	51.1
9450.0	18.3	25.5	28.7	32.3	35.8	39.5	42.7	46.8	51.1
9460.0	18.3	25.5	28.7	32.3	35.8	39.5	42.7	46.8	51.1
9470.0	18.3	25.5	28.7	32.3	35.8	39.5	42.7	46.8	51.1
9480.0	18.3	25.5	28.7	32.3	35.8	39.5	42.7	46.8	51.1
9490.0	18.3	25.5	28.7	32.3	35.8	39.5	42.7	46.8	51.1
9500.0	18.3	25.5	28.7	32.3	35.8	39.5	42.7	46.8	51.1
9510.0	18.3	25.5	28.7	32.3	35.8	39.5	42.7	46.8	51.1
9520.0	18.3	25.5	28.7	32.3	35.8	39.5	42.7	46.8	51.1
9530.0	18.4	25.5	28.7	32.3	35.8	39.5	42.7	46.8	51.1
9540.0	18.3	25.5	28.7	32.3	35.8	39.5	42.7	46.8	51.1
9550.0	18.4	25.5	28.7	32.3	35.8	39.5	42.7	46.8	51.1
9560.0	18.3	25.5	28.7	32.3	35.8	39.5	42.7	46.8	51.1
9570.0	18.3	25.5	28.7	32.3	35.8	39.5	42.7	46.8	51.1
9580.0	18.3	25.5	28.7	32.3	35.8	39.5	42.7	46.8	51.1
9590.0	18.3	25.5	28.7	32.3	35.8	39.5	42.7	46.8	51.1
9600.0	18.3	25.5	28.7	32.3	35.8	39.5	42.7	46.8	51.1
9610.0	18.3	25.5	28.7	32.3	35.8	39.5	42.7	46.8	51.1
9620.0	18.3	25.5	28.7	32.3	35.8	39.5	42.7	46.8	51.1
9630.0	18.3	25.5	28.8	32.3	35.8	39.5	42.7	46.8	51.1
9640.0	18.3	25.5	28.8	32.3	35.8	39.5	42.7	46.8	51.1
9650.0	18.3	25.5	28.8	32.3	35.8	39.5	42.7	46.8	51.1
9660.0	18.3	25.5	28.8	32.3	35.8	39.5	42.7	46.8	51.1
9670.0	18.3	25.5	28.8	32.4	35.8	39.5	42.7	46.8	51.1
9680.0	18.3	25.5	28.8	32.3	35.8	39.5	42.7	46.8	51.1
9690.0	18.3	25.5	28.8	32.4	35.8	39.5	42.7	46.8	51.1
9700.0	18.3	25.5	28.8	32.4	35.8	39.5	42.7	46.8	51.1
9710.0	18.3	25.5	28.8	32.3	35.8	39.5	42.7	46.8	51.1
9720.0	18.4	25.5	28.8	32.4	35.8	39.5	42.7	46.8	51.1
9730.0	18.3	25.5	28.8	32.4	35.8	39.5	42.7	46.8	51.1
9740.0	18.4	25.5	28.8	32.4	35.8	39.5	42.7	46.8	51.1
9750.0	18.3	25.5	28.8	32.4	35.8	39.5	42.7	46.8	51.1
9760.0	18.3	25.5	28.8	32.4	35.8	39.5	42.7	46.8	51.1
9770.0	18.3	25.5	28.8	32.4	35.8	39.5	42.7	46.8	51.1
9780.0	18.3	25.5	28.8	32.4	35.8	39.5	42.7	46.8	51.1
9790.0	18.3	25.5	28.8	32.4	35.8	39.5	42.7	46.8	51.1
9800.0	18.3	25.5	28.8	32.4	35.8	39.5	42.7	46.8	51.1
9810.0	18.3	25.5	28.8	32.4	35.8	39.5	42.7	46.8	51.1
9820.0	18.3	25.5	28.8	32.4	35.8	39.5	42.7	46.8	51.1
9830.0	18.3	25.5	28.8	32.4	35.9	39.5	42.7	46.8	51.2
9840.0	18.3	25.5	28.8	32.4	35.8	39.5	42.7	46.8	51.1
9850.0	18.3	25.5	28.8	32.4	35.8	39.5	42.7	46.8	51.1
9860.0	18.3	25.6	28.8	32.4	35.9	39.5	42.7	46.9	51.2
9870.0	18.3	25.6	28.8	32.4	35.9	39.5	42.7	46.8	51.2
9880.0	18.3	25.6	28.8	32.4	35.8	39.5	42.7	46.8	51.1
9890.0	18.3	25.5	28.8	32.4	35.9	39.5	42.7	46.8	51.2
9900.0	18.3	25.5	28.8	32.4	35.9	39.5	42.7	46.9	51.2
9910.0	18.3	25.5	28.8	32.4	35.9	39.5	42.7	46.9	51.2
9920.0	18.3	25.5	28.8	32.4	35.8	39.5	42.7	46.9	51.2
9930.0	18.4	25.6	28.8	32.4	35.9	39.5	42.7	46.9	51.2
9940.0	18.3	25.6	28.8	32.4	35.9	39.5	42.7	46.9	51.2
9950.0	18.3	25.5	28.8	32.4	35.8	39.5	42.7	46.8	51.2
9960.0	18.3	25.6	28.8	32.4	35.9	39.5	42.7	46.9	51.2
9970.0	18.3	25.6	28.8	32.4	35.9	39.5	42.7	46.9	51.2
9980.0	18.3	25.5	28.8	32.4	35.9	39.5	42.7	46.9	51.2
9990.0	18.3	25.5	28.8	32.4	35.9	39.5	42.7	46.9	51.2
10000.0	18.3	25.5	28.8	32.4	35.9	39.5	42.7	46.9	51.2
10010.0	18.3	25.5	28.8	32.4	35.9	39.5	42.7	46.9	51.2
10020.0	18.3	25.5	28.8	32.4	35.9	39.5	42.7	46.9	51.2
10030.0	18.3	25.5	28.8	32.4	35.9	39.5	42.7	46.9	51.2
10040.0	18.3	25.5	28.8	32.4	35.9	39.5	42.7	46.9	51.2
10050.0	18.3	25.6	28.8	32.4	35.9	39.5	42.7	46.9	51.2
10060.0	18.3	25.5	28.8	32.4	35.9	39.5	42.7	46.9	51.2
10070.0	18.3	25.6	28.8	32.4	35.9	39.5	42.7	46.9	51.2
10080.0	18.3	25.6	28.8	32.4	35.9	39.5	42.7	46.9	51.2
10090.0	18.3	25.5	28.8	32.4	35.9	39.5	42.7	46.9	51.2
10100.0	18.3	25.6	28.8	32.4	35.9	39.5	42.7	46.9	51.2
10110.0	18.3	25.5	28.8	32.4	35.9	39.5	42.7	46.9	51.2
10120.0	18.3	25.6	28.8	32.4	35.9	39.5	42.7	46.9	51.2
10130.0	18.3	25.5	28.8	32.4	35.9	39.5	42.7	46.9	51.2
10140.0	18.3	25.5	28.8	32.4	35.9	39.5	42.7	46.9	51.2
10150.0	18.3	25.6	28.8	32.4	35.9	39.5	42.7	46.9	51.2
10160.0	18.3	25.5	28.8	32.4	35.9	39.5	42.7	46.9	51.2
10170.0	18.4	25.6	28.8	32.4	35.9	39.6	42.8	46.9	51.2
10180.0	18.4	25.6	28.8	32.4	35.9	39.5	42.7	46.9	51.2
10190.0	18.3	25.5	28.8	32.4	35.9	39.5	42.7	46.9	51.2
10200.0	18.3	25.5	28.8	32.4	35.9	39.5	42.7	46.9	51.2
10210.0	18.3	25.6	28.8	32.4	35.9	39.5	42.8	46.9	51.2
10220.0	18.3	25.6	28.8	32.4	35.9	39.5	42.8	46.9	51.2
10230.0	18.3	25.6	28.8	32.4	35.9	39.5	42.8	46.9	51.2
10240.0	18.3	25.5	28.8	32.4	35.9	39.5	42.8	46.9	51.2
10250.0	18.3	25.5	28.8	32.4	35.9	39.5	42.8	46.9	51.2
10260.0	18.3	25.5	28.8	32.4	35.9	39.5	42.8	46.9	51.2
10270.0	18.3	25.5	28.8	32.4	35.9	39.5	42.8	46.9	51.2
10280.0	18.3	25.6	28.8	32.4	35.9	39.5	42.8	46.9	51.2
10290.0	18.3	25.5	28.8	32.4	35.9	39.5	42.8	46.9	51.2
10300.0	18.3	25.5	28.8	32.4	35.9	39.5	42.8	46.9	51.2
10310.0	18.3	25.6	28.8	32.4	35.9	39.6	42.8	46.9	51.2
10320.0	18.3	25.5	28.8	32.4	35.9	39.5	42.8	46.9	51.2
10330.0	18.3	25.5	28.8	32.4	35.9	39.5	42.8	46.9	51.2
10340.0	18.3	25.5	28.8	32.4	35.9	39.6	42.8	46.9	51.2
10350.0	18.3	25.5	28.8	32.4	35.9	39.5	42.8	46.9	51.2
10360.0	18.3	25.5	28.8	32.4	35.9	39.5	42.8	46.9	51.2
10370.0	18.3	25.6	28.8	32.4	35.9	39.6	42.8	46.9	51.2
10380.0	18.3	25.6	28.8	32.4	35.9	39.6	42.8	46.9	51.2
10390.0	18.3	25.6	28.8	32.4	35.9	39.5	42.8	46.9	51.2
10400.0	18.3	25.6	28.8	32.4	35.9	39.6	42.8	46.9	51.2
10410.0	18.3	25.6	28.8	32.4	35.9	39.6	42.8	46.9	51.2
10420.0	18.3	25.6	28.8	32.4	35.9	39.5	42.8	46.9	51.2
10430.0	18.3	25.6	28.8	32.4	35.9	39.5	42.8	46.9	51.2
10440.0	18.3	25.6	28.8	32.4	35.9	39.6	42.8	46.9	51.2
10450.0	18.3	25.5	28.8	32.4	35.9	39.6	42.8	46.9	51.2
10460.0	18.3	25.5	28.8	32.4	35.9	39.6	42.8	46.9	51.2
10470.0	18.4	25.6	28.8	32.4	35.9	39.6	42.8	46.9	51.2
10480.0	18.4	25.6	28.8	32.4	35.9	39.6	42.8	46.9	51.2
10490.0	18.4	25.6	28.8	32.4	35.9	39.6	42.8	46.9	51.2
10500.0	18.4	25.6	28.8	32.4	35.9	39.6	42.8	46.9	51.2
10510.0	18.3	25.5	28.8	32.4	35.9	39.5	42.8	46.9	51.2
10520.0	18.4	25.5	28.8	32.4	35.9	39.6	42.8	46.9	51.2
10530.0	18.3	25.5	28.8	32.4	35.9	39.6	42.8	46.9	51.2
10540.0	18.3	25.5	28.8	32.4	35.9	39.6	42.8	46.9	51.2
10550.0	18.3	25.5	28.8	32.4	35.9	39.5	42.8	46.9	51.2
10560.0	18.3	25.6	28.8	32.4	35.9	39.6	42.8	46.9	51.2
10570.0	18.3	25.5	28.8	32.4	35.9	39.6	42.8	46.9	51.2
10580.0	18.3	25.6	28.8	32.4	35.9	39.6	42.8	46.9	51.2
10590.0	18.3	25.5	28.8	32.4	35.9	39.6	42.8	46.9	51.2
10600.0	18.3	25.5	28.8	32.4	35.9	39.6	42.8	46.9	51.2
10610.0	18.3	25.6	28.8	32.4	35.9	39.6	42.8	46.9	51.2
10620.0	18.3	25.6	28.8	32.4	35.9	39.6	42.8	46.9	51.2
10630.0	18.3	25.5	28.8	32.4	35.9	39.6	42.8	46.9	51.2
10640.0	18.3	25.6	28.8	32.4	35.9	39.6	42.8	46.9	51.2
10650.0	18.3	25.5	28.8	32.4	35.9	39.6	42.8	46.9	51.2
10660.0	18.3	25.6	28.8	32.4	35.9	39.6	42.8	46.9	51.2
10670.0	18.3	25.6	28.8	32.4	35.9	39.6	42.8	46.9	51.2
10680.0	18.3	25.6	28.8	32.4	35.9	39.6	42.8	46.9	51.2
10690.0	18.3	25.6	28.8	32.4	35.9	39.6	42.8	46.9	51.2
10700.0	18.3	25.6	28.8	32.4	35.9	39.6	42.8	46.9	51.2
10710.0	18.3	25.5	28.8	32.4	35.9	39.6	42.8	46.9	51.2
10720.0	18.3	25.5	28.8	32.4	35.9	39.6	42.8	46.9	51.2
10730.0	18.3	25.5	28.8	32.4	35.9	39.6	42.8	46.9	51.2
10740.0	18.3	25.5	28.8	32.4	35.9	39.6	42.8	46.9	51.2
10750.0	18.3	25.5	28.8	32.4	35.9	39.6	42.8	46.9	51.2
10760.0	18.3	25.5	28.8	32.4	35.9	39.6	42.8	46.9	51.2
10770.0	18.3	25.5	28.8	32.4	35.9	39.6	42.8	46.9	51.2
10780.0	18.3	25.6	28.8	32.4	35.9	39.6	42.8	46.9	51.2
10790.0	18.3	25.6	28.8	32.4	35.9	39.6	42.8	46.9	51.2
10800.0	18.3	25.5	28.8	32.4	35.9	39.6	42.8	46.9	51.2
10810.0	18.3	25.5	28.8	32.4	35.9	39.6	42.8	46.9	51.2
10820.0	18.3	25.5	28.8	32.4	35.9	39.6	42.8	46.9	51.2
10830.0	18.3	25.6	28.8	32.4	35.9	39.6	42.8	46.9	51.2
10840.0	18.3	25.6	28.8	32.4	35.9	39.6	42.8	46.9	51.2
10850.0	18.3	25.6	28.8	32.4	35.9	39.6	42.8	46.9	51.2
10860.0	18.3	25.6	28.8	32.4	35.9	39.6	42.8	46.9	51.2
10870.0	18.3	25.6	28.8	32.4	35.9	39.6	42.8	46.9	51.2
10880.0	18.3	25.6	28.8	32.4	35.9	39.6	42.8	46.9	51.2
10890.0	18.3	25.5	28.8	32.4	35.9	39.6	42.8	46.9	51.2
10900.0	18.3	25.6	28.8	32.4	35.9	39.6	42.8	46.9	51.2
10910.0	18.3	25.5	28.8	32.4	35.9	39.6	42.8	46.9	51.2
10920.0	18.3	25.6	28.8	32.4	35.9	39.6	42.8	46.9	51.2
10930.0	18.3	25.5	28.8	32.4	35.9	39.6	42.8	46.9	51.2
10940.0	18.2	25.5	28.8	32.4	35.9	39.6	42.8	46.9	51.2
10950.0	18.2	25.6	28.8	32.4	35.9	39.6	42.8	46.9	51.3
10960.0	18.2	25.5	28.8	32.4	35.9	39.6	42.8	46.9	51.2
10970.0	18.2	25.5	28.8	32.4	35.9	39.6	42.8	46.9	51.3
10980.0	18.2	25.6	28.8	32.4	35.9	39.6	42.8	46.9	51.3
10990.0	18.2	25.5	28.8	32.4	35.9	39.6	42.8	46.9	51.3
11000.0	18.3	25.6	28.8	32.4	35.9	39.6	42.8	46.9	51.3
11010.0	18.3	25.5	28.8	32.4	35.9	39.6	42.8	46.9	51.3
11020.0	18.2	25.5	28.8	32.4	35.9	39.6	42.8	46.9	51.3
11030.0	18.3	25.5	28.8	32.4	35.9	39.6	42.8	46.9	51.3
11040.0	18.3	25.5	28.8	32.4	35.9	39.6	42.8	46.9	51.2
11050.0	18.3	25.5	28.8	32.4	35.9	39.6	42.8	46.9	51.2
11060.0	18.3	25.6	28.8	32.4	35.9	39.6	42.8	46.9	51.3
11070.0	18.3	25.6	28.8	32.4	35.9	39.6	42.8	46.9	51.3
11080.0	18.3	25.6	28.8	32.4	35.9	39.6	42.8	46.9	51.3
11090.0	18.3	25.6	28.8	32.4	35.9	39.6	42.8	47.0	51.3
11100.0	18.3	25.6	28.8	32.4	35.9	39.6	42.8	46.9	51.3
11110.0	18.4	25.6	28.8	32.4	35.9	39.6	42.8	46.9	51.3
11120.0	18.3	25.6	28.8	32.4	35.9	39.6	42.8	47.0	51.3
11130.0	18.3	25.6	28.8	32.4	35.9	39.6	42.8	46.9	51.3
11140.0	18.3	25.6	28.8	32.4	35.9	39.6	42.8	46.9	51.3
11150.0	18.3	25.6	28.8	32.4	35.9	39.6	42.8	47.0	51.3
11160.0	18.3	25.6	28.8	32.4	35.9	39.6	42.8	47.0	51.3
11170.0	18.3	25.6	28.8	32.4	35.9	39.6	42.8	46.9	51.3
11180.0	18.3	25.6	28.8	32.4	35.9	39.6	42.8	46.9	51.3
11190.0	18.3	25.6	28.8	32.4	35.9	39.6	42.8	47.0	51.3
11200.0	18.3	25.6	28.8	32.4	35.9	39.6	42.8	46.9	51.3
11210.0	18.3	25.6	28.8	32.4	35.9	39.6	42.8	47.0	51.3
11220.0	18.3	25.6	28.8	32.4	35.9	39.6	42.8	47.0	51.3
11230.0	18.2	25.6	28.8	32.4	35.9	39.6	42.8	46.9	51.3
11240.0	18.2	25.6	28.8	32.4	35.9	39.6	42.8	46.9	51.3
11250.0	18.3	25.6	28.8	32.4	35.9	39.6	42.8	47.0	51.3
11260.0	18.2	25.6	28.8	32.4	35.9	39.6	42.8	46.9	51.3
11270.0	18.3	25.5	28.8	32.4	35.9	39.6	42.8	46.9	51.3
11280.0	18.3	25.6	28.8	32.4	35.9	39.6	42.8	47.0	51.3
11290.0	18.3	25.6	28.8	32.4	35.9	39.6	42.8	46.9	51.3
11300.0	18.3	25.5	28.8	32.4	35.9	39.6	42.8	46.9	51.3
11310.0	18.3	25.5	28.8	32.4	35.9	39.6	42.8	47.0	51.3
11320.0	18.3	25.5	28.8	32.4	35.9	39.6	42.8	46.9	51.3
11330.0	18.3	25.5	28.8	32.4	35.9	39.6	42.8	46.9	51.3
11340.0	18.3	25.5	28.8	32.4	35.9	39.6	42.8	46.9	51.3
11350.0	18.3	25.6	28.8	32.4	35.9	39.6	42.8	47.0	51.3
11360.0	18.3	25.5	28.8	32.4	35.9	39.6	42.8	47.0	51.3
11370.0	18.3	25.5	28.8	32.4	35.9	39.6	42.8	46.9	51.3
11380.0	18.3	25.5	28.8	32.4	35.9	39.6	42.8	47.0	51.3
11390.0	18.3	25.5	28.8	32.4	35.9	39.6	42.8	47.0	51.3
11400.0	18.3	25.6	28.8	32.4	35.9	39.6	42.8	47.0	51.3
11410.0	18.3	25.5	28.8	32.4	35.9	39.6	42.8	47.0	51.3
11420.0	18.2	25.6	28.8	32.4	35.9	39.6	42.8	46.9	51.3
11430.0	18.3	25.6	28.8	32.4	35.9	39.6	42.8	47.0	51.3
11440.0	18.3	25.6	28.8	32.4	35.9	39.6	42.8	47.0	51.3
11450.0	18.3	25.5	28.8	32.4	35.9	39.6	42.8	47.0	51.3
11460.0	18.2	25.5	28.8	32.4	35.9	39.6	42.8	46.9	51.3
11470.0	18.2	25.5	28.8	32.4	35.9	39.6	42.8	47.0	51.3
11480.0	18.2	25.5	28.8	32.4	35.9	39.6	42.8	47.0	51.3
11490.0	18.3	25.5	28.8	32.4	35.9	39.6	42.8	47.0	51.3
11500.0	18.2	25.5	28.8	32.4	35.9	39.6	42.8	47.0	51.3
11510.0	18.2	25.6	28.8	32.4	35.9	39.6	42.8	47.0	51.3
11520.0	18.3	25.5	28.8	32.4	35.9	39.6	42.8	47.0	51.3
11530.0	18.2	25.5	28.8	32.4	35.9	39.6	42.8	46.9	51.3
11540.0	18.3	25.5	28.8	32.4	35.9	39.6	42.8	47.0	51.3
11550.0	18.3	25.5	28.8	32.4	35.9	39.6	42.8	47.0	51.3
11560.0	18.3	25.5	28.8	32.4	35.9	39.6	42.8	47.0	51.3
11570.0	18.3	25.5	28.8	32.4	35.9	39.6	42.8	47.0	51.3
11580.0	18.3	25.6	28.8	32.4	35.9	39.6	42.8	47.0	51.3
11590.0	18.3	25.5	28.8	32.4	35.9	39.6	42.8	47.0	51.3
11600.0	18.3	25.5	28.8	32.4	35.9	39.6	42.8	46.9	51.3
11610.0	18.3	25.5	28.8	32.4	35.9	39.6	42.8	46.9	51.3
11620.0	18.3	25.5	28.8	32.4	35.9	39.6	42.8	47.0	51.3
11630.0	18.3	25.6	28.8	32.4	35.9	39.6	42.8	47.0	51.3
11640.0	18.3	25.6	28.8	32.4	35.9	39.6	42.8	47.0	51.3
11650.0	18.3	25.6	28.8	32.4	35.9	39.6	42.8	47.0	51.3
11660.0	18.3	25.6	28.8	32.4	35.9	39.6	42.8	46.9	51.3
11670.0	18.3	25.6	28.8	32.4	35.9	39.6	42.8	47.0	51.3
11680.0	18.3	25.6	28.8	32.4	35.9	39.6	42.8	47.0	51.3
11690.0	18.3	25.6	28.8	32.4	35.9	39.6	42.8	47.0	51.3
11700.0	18.3	25.6	28.8	32.4	35.9	39.6	42.8	47.0	51.3
11710.0	18.3	25.5	28.8	32.4	35.9	39.6	42.8	47.0	51.3
11720.0	18.3	25.5	28.8	32.4	35.9	39.6	42.8	47.0	51.3
11730.0	18.3	25.6	28.8	32.4	35.9	39.6	42.8	47.0	51.3
11740.0	18.3	25.5	28.8	32.4	35.9	39.6	42.8	47.0	51.3
11750.0	18.3	25.5	28.8	32.4	35.9	39.6	42.8	47.0	51.3
11760.0	18.3	25.6	28.8	32.4	35.9	39.6	42.8	47.0	51.3
11770.0	18.3	25.6	28.8	32.4	35.9	39.6	42.8	47.0	51.3
11780.0	18.3	25.5	28.8	32.4	35.9	39.6	42.8	47.0	51.3
11790.0	18.3	25.6	28.8	32.4	35.9	39.6	42.8	47.0	51.3
11800.0	18.3	25.6	28.8	32.4	35.9	39.6	42.8	47.0	51.3
11810.0	18.3	25.6	28.8	32.4	35.9	39.6	42.8	47.0	51.3
11820.0	18.3	25.6	28.8	32.4	35.9	39.6	42.8	47.0	51.3
11830.0	18.3	25.5	28.8	32.4	35.9	39.6	42.8	47.0	51.3
11840.0	18.3	25.6	28.8	32.5	35.9	39.6	42.8	47.0	51.3
11850.0	18.3	25.6	28.8	32.4	35.9	39.6	42.8	47.0	51.3
11860.0	18.3	25.6	28.8	32.4	35.9	39.6	42.8	47.0	51.3
11870.0	18.3	25.6	28.8	32.4	35.9	39.6	42.8	47.0	51.3
11880.0	18.3	25.6	28.8	32.4	35.9	39.6	42.8	47.0	51.3
11890.0	18.2	25.6	28.8	32.4	35.9	39.6	42.8	47.0	51.3
11900.0	18.2	25.5	28.8	32.4	35.9	39.6	42.8	47.0	51.3
11910.0	18.2	25.5	28.8	32.4	35.9	39.6	42.8	47.0	51.3
11920.0	18.3	25.6	28.8	32.4	35.9	39.6	42.8	47.0	51.3
11930.0	18.2	25.5	28.8	32.4	35.9	39.6	42.8	47.0	51.3
11940.0	18.3	25.5	28.8	32.4	35.9	39.6	42.8	47.0	51.3
11950.0	18.2	25.6	28.8	32.4	35.9	39.6	42.8	47.0	51.3
11960.0	18.3	25.5	28.8	32.4	35.9	39.6	42.8	47.0	51.3
11970.0	18.3	25.6	28.8	32.4	35.9	39.6	42.8	47.0	51.3
11980.0	18.3	25.5	28.8	32.4	35.9	39.6	42.8	47.0	51.3
11990.0	18.3	25.5	28.8	32.4	35.9	39.6	42.8	47.0	51.3
12000.0	18.3	25.5	28.8	32.4	35.9	39.6	42.8	47.0	51.3

